,coskew_1m,coskew_1y,coskew_2y,idioskew_1m,idioskew_1y,idioskew_2y,skew_1m,skew_1y,skew_2y
1,0.11955398826645287,-0.01647936535074828,0.002980341722470057,-0.16431994874265174,0.549931658463,-0.22444168128914005,0.5358891158422041,-0.7129291139960813,-0.7477668756851457
2,0.07867891842811983,-0.030897143046195383,0.00936099907834844,-0.04054298934477988,-0.4040347884982299,0.8835911646260685,0.619818511940417,-0.7751954147307674,0.15026852654085313
4,-0.038825537436421545,-0.03870444011750916,-0.013580318931017184,0.3110574953263677,0.4421619725835631,0.5795797695107294,-0.5747813537701146,0.03285557143549545,-0.7070684460501737
5,0.07005644581819995,0.00022340581315801432,0.0098045396931423,0.7350409311678481,0.4059188181413457,0.5994643365010082,0.1634806542882063,0.6797325911047032,0.1939827471688968
6,0.11180252709649402,-0.029183048258882644,0.013580671786686007,0.17178189990797127,0.9406595529926336,0.04320368931751198,0.4358488242759294,-0.20770422235261474,-0.02165643261201748
7,-0.08895841164264548,0.03778719044161003,0.011023721962420385,0.5180737115996413,-0.2308954098452073,-0.7598969933598789,-0.4041208773019335,0.6324303350871935,-1.2217716856725571
8,-0.15888767241121915,-0.03154497922164096,0.006603238754052828,0.4005942819144156,0.08442084468695399,-0.07133438435314221,0.7742679564680951,-0.6754759661419297,-0.492927555797581
9,-0.01405428779799281,-0.013991309807295184,0.03203770143838375,0.7924417452430453,-0.2955455097892247,1.1986488003585298,-0.5664444497959389,0.2659811820078002,0.6374949862935008
10,,-0.03522256458454853,0.02260405481435569,,0.19631040948815656,-0.8009227347152926,,-1.4828944956887815,0.03449704051499615
11,0.28969090285538834,0.03304087200504845,0.0386972461668406,0.5663282245055166,-0.5217278009088145,0.1349733017766442,0.7870684760384358,-0.4668197061011378,0.2574464685027489
12,0.05167258986508305,-0.014625269176153241,0.014699525353342187,1.5630535381972983,0.34726419752238585,0.6856339230550502,0.3670387438037752,0.020677212545065986,0.761310829042809
14,0.09420999663771283,0.024606502127306258,0.025295992968234416,0.2957568002466488,-0.8669869589759203,-0.09675650431312008,0.4005576282505991,0.3521081213060962,0.27105225596913235
16,-0.005447968924668978,-0.0010282018227108234,0.0070235600727170154,1.2905751344413092,0.12301306991498752,0.9438502431645026,0.4816539280768647,0.3658830003142453,0.22048581847143275
17,-0.03427091717627899,,,0.5605918026352504,,,0.2402396321410628,,
18,-0.0559587525196818,0.03040987369910936,0.01699792502846319,-0.016630997175690575,-0.2432238144219117,-0.07503932331312768,-0.8862642847410753,0.919204198051215,0.2362480820516175
19,-0.09239767349235888,-0.02818142564393845,-0.015721828717900867,0.6357543254015192,-0.2368502768177271,0.5529422093091073,-0.6175584618451117,0.5351135749319365,-0.8438071613796557
20,-0.1918412025498693,0.014906219989866574,-0.0018019632027871308,-0.6512011879735718,0.4423941828520319,1.4543010923305772,-1.0964984273674452,1.690504616934145,0.7939222717170829
21,0.017559203296949225,-0.017995654939290125,-0.02382035014529689,-0.6775487862209705,0.07345073726313306,1.2220024566908745,-0.12987367243498776,-1.5615318972570396,-0.5978832779106832
22,0.0039109709758694535,-0.012412771809945412,-0.006909958713939336,0.5602376869328279,0.8232920286241845,0.9526855718988368,-0.66576418756599,-0.740829936988583,-1.0632225287679935
23,-0.1615145569120451,0.02083637811468881,0.007894855684400789,-0.2970265230433498,-0.5067145755347687,-0.5756052121604994,-1.0482137528239046,0.6292891591808097,-0.1858956357268373
24,0.12771236696522176,-0.025599946226992056,0.017241866021665726,0.4019166600151215,0.0248677589774654,-0.4133158868454765,0.4832835361994951,-0.5625166207493346,-0.5114707462306489
25,-0.38304970816078776,0.012642269184207314,-0.004795908616398824,-0.2009457285516801,-0.2152543113217824,1.256438348064772,-0.9189329071949404,1.0341517263030668,0.31812058839303753
26,-0.07162993519873426,-0.004475352912780716,0.003570082972360908,0.8391605033764143,0.9509472810988748,0.5126030456189065,-0.26771115600852674,0.06011632694989149,-0.4074770454481067
27,0.022077130784181748,0.016785491766563458,0.014845497557131375,0.2716932543740664,-0.13385655073244773,0.7463594553282747,-0.09185538568932053,0.6863938003801846,0.6004681871974219
28,0.004711842392328969,0.04908176106978882,-0.015596125577677434,-0.4415010272105003,0.31895983104530085,0.13901113519913144,0.01733444224817809,0.7537695839670671,-0.2143262351507993
29,0.05360149789790036,0.03027674919731223,0.01619913258047557,0.6025211560965477,2.29308484814184,2.813284045105392,0.3885464418618357,2.6866363404863844,1.948319688763067
30,,-0.0013269745020498998,,,0.09279799234079908,,,-0.2434084834653597,
31,0.04100763213103434,0.007145095319960411,0.02976701096910232,0.4243841404596902,-0.9192592303966112,0.5226508417183271,-0.0793475123858508,0.110109419868212,0.020043729074786253
32,-0.013339639986944237,-0.034577173255182884,-0.015552639974229152,-0.015371479369786719,0.4309437104711121,0.6609106697034148,-0.7875010262392194,0.204468561825638,-0.495925790790302
33,-0.02884982013697397,0.003943291424492592,-0.012865535936754064,2.0357942485953315,1.9928922996519955,1.8548921288845908,1.1530444675811142,2.1167032175733342,0.5490596358586787
35,-0.04229378618975975,-0.03707162187574542,-0.02370861588595821,0.31832228062871765,-0.4022167553612993,1.4812222953570338,-0.6859676271584854,0.11756826571216394,-0.03676048957629579
36,-0.06710873258295877,0.036290115777773496,0.0020049383903688444,-0.07686390533883074,0.14913147470543905,1.1789612083596193,-1.370273885955236,0.9281170918490088,0.12733281458231752
37,-0.030629634080389767,0.02481070152670464,0.0054351774144826715,1.3151466724162542,-0.41712095788175735,0.2931976702735454,-0.2232625787662656,0.4572980345210089,-0.3446335163097465
39,0.03118994812426028,0.008036896638824979,-0.0014003974886495835,-0.3171550757955105,-0.10847503602534546,0.8064270845321501,-0.15028320502031126,0.2056671087881352,-0.3620818768585505
40,0.05969571968024043,-0.02133117021617476,0.013045934625786168,0.9352317193219454,0.9990389893109624,0.1977251938274857,0.1627172089212161,0.4251452478482393,0.3808578720136603
42,0.023508954708891663,0.02313113914117619,0.002779891775040136,0.019377883701032203,-0.4173648647443473,2.362701198322493,-0.2659394563366205,0.3253536138035756,0.9645940022371642
43,0.01807207371568864,0.01837396394441914,-0.0009851183420113568,0.7078243165535628,-0.094628804462953,1.1209372252326513,-0.4164262503925754,-0.026018756370680646,0.0273783431600412
45,-0.18548877332962974,-0.03509583511085913,0.0019273763764425871,0.4984669728512064,-0.2867241517858827,0.26033082607950225,-0.8125930705543515,0.23177564856902186,0.06853041107316303
46,0.018540420703920063,-0.051196093358835286,0.020176073513712745,0.13424418931242024,-0.3037245521935452,0.026816070727708932,-0.26358784049946776,-0.4688209322297856,0.4047834131729387
48,0.027615824132362674,-0.0009260528907375756,0.0022022658770500924,-0.013535858525460123,-0.012509145917585587,-0.06035251826044818,0.03538582224449206,0.6121410490960163,-0.16039448005183554
49,-0.013905373366114427,-0.05885859508470896,0.04790515513176515,0.25557823429346865,0.8538540789001055,0.7572251580196566,-0.15196398468637098,0.3829761805776029,0.39732438068376535
50,0.07972606114795801,-0.03754027794613029,-0.011711649161352243,0.6635680037800004,0.2732669289663428,0.8152429836626253,-0.40969005853836415,-0.9053634528964132,-0.8415452451519659
55,0.0925106105141862,-0.026886942486532842,-0.011833634129589866,-0.007076535077274009,2.09654125924124,0.9337773786960322,0.028460688724063307,-0.023579721585544236,0.3634650274587261
56,-0.1328125366551915,-0.04102140086743997,-0.013074733652084522,-0.4552913277077395,0.4273947916938353,0.3032167380184153,-0.28478234348150017,-0.006810121473729168,-0.18485183990107368
58,-0.0277992164473832,-0.022927395830089414,0.01283385398768337,0.5871536702254374,0.8983098851561825,1.9385901710695168,-0.6662704325124835,1.9527699476652456,1.2750519640700548
59,0.014014193182123436,0.0429595179971483,0.012459842120456659,0.6158242329622691,0.040657877902880654,0.4489366560254941,0.15945346778121727,1.1218341163334362,0.4250576573126527
60,0.029886133578642362,0.009596037725309356,0.013419245609258258,0.061155177373307966,0.5110527844400485,0.1379823578723765,0.06494185506241405,0.4748536552227031,0.16803133820061714
61,-0.12032817940881856,-0.016907290160647112,-0.035005713233287016,-0.40868268800172347,-0.21978912506341391,0.014231549839815975,-0.30846968934094576,0.2929947435867687,-0.0938821520757412
62,-0.10759087286154094,-0.01071756552917388,0.004755918165617628,0.1802666217406099,0.1945670897865633,0.5153445284186395,-1.0365891356672965,-0.36098222317304535,-0.5818956675096152
63,0.02416797156637224,0.02235621172443264,-0.011367887096126263,0.762138253398641,-0.17352368684008831,0.7262521268566232,-0.40189154758678575,0.3620116661117931,-0.7115744747741564
65,0.04497124677327896,-0.05582023238492452,0.03538518718542868,0.2375706266368817,-0.1667538991112487,2.1577267338510686,-0.4656241790847616,-0.7100795019646767,1.4713268284902246
66,-0.06656707515337404,-0.017365447836822957,-0.014466818098877269,-0.2874238734148156,0.20018276940447394,1.469699274631693,-0.404022522016045,-0.02628895856859834,0.20595965609331635
68,0.027640665977026163,0.0798036147380855,0.014795548547872324,-0.7620123672626651,0.011958240223052294,0.6493924764314536,-0.005214895439196329,1.1250590434900192,0.7737716197678302
69,0.06927636288447284,-0.0151817694786409,0.003945660985186429,-0.8315043831912251,-0.7944218906172221,-0.15526668789835132,-0.8270879888612209,-0.4213819768932061,-0.052629597865122175
70,-0.051863229954006274,-0.020592151169456573,-0.010599496493158026,0.2519946429378203,-0.3725079778387795,0.9668765155429888,-0.5866705112270196,-0.4053738654122432,-0.7006647701206187
78,-0.020838927190711745,0.0023738581087627657,-0.0065521038797336645,1.1794709692886776,1.2703798156309998,0.9973794689924046,1.1911104534642385,1.6704005072947778,0.4852047348504386
88,-0.040782934162008594,0.004969805729045146,0.0015811501255193448,-0.8525065672377016,-0.4017662654034972,0.029703382755452163,-0.6412511287067927,-0.1044309146108765,-0.3500097764756289
89,0.024703786244928774,-0.011912197678891463,-5.7903357245526345e-05,-2.1666380161628034,0.08281195442515654,0.8907326846935757,-0.08022407908603865,-0.5857589349521936,-0.7530503854407099
90,0.10785862109997084,0.006630824297157788,0.002026633075063689,-1.1945510412692513,1.283571466218156,2.8809573599495684,0.039676598648233856,2.2747318163135404,1.5653217104048982
96,-0.07776725271777757,-0.02230726074679649,-0.005295069691580886,-0.13754005453911514,-0.125303205361418,0.5901275700040706,-1.0571608639206531,-0.2591941037973853,-0.3384018062623224
99,-0.045090445998545316,-0.001856907731659189,-0.0027073630960896657,-0.003227909943208828,-0.4264983464497929,1.8569119685129,-0.3714262974133457,-0.15582866814063054,-0.13797017282341545
100,-0.05427341632417047,-0.0070065314271058774,-0.0060516780372622545,1.7579829386468286,-0.2548199431078268,0.6030250394377924,-0.4879249077777555,0.02553734654725027,-0.5680800523383989
150,0.06732517814265247,0.005684603210503111,0.003871657081265457,0.7855377762588166,-0.24021626602873444,0.7372486499706021,0.32708950217960164,-0.5472298610654089,-0.2935826627511933
151,-0.01212441676607473,-0.06041800022697157,-0.005759989292180787,-0.4392896763140439,1.0841347089787254,0.9241036932094344,-0.230161117772929,-0.5189943876837966,-0.2603204070076091
153,-0.07980023494056901,-0.012074877497816749,-0.003748656841173171,0.5034884321225847,0.5687932382539178,0.6333098599635468,-0.8135072139442315,0.021527992040798253,-0.2391709309526548
155,-0.010891337905859166,-0.00911067137346643,-0.0017281141230974205,-0.8171647281756187,0.034478052845700866,0.04283469009003919,-0.5050538608502045,-0.3678802075422315,-0.6825838528014455
157,0.08533658126683638,0.01571738437803985,0.0010657705519559401,-0.08590797522929353,0.1577123747605856,0.8612272469660899,0.2906067853083549,0.3492181535993133,0.24322222689219114
158,-0.04925414272689424,-0.019633351537846788,-0.01252420541252608,1.7358923647996969,0.5464436445917847,0.9396355476905608,0.10313761075828484,-0.14087312227815907,-0.6865128135534196
159,-0.1651143511739353,-0.018437458483407613,0.006327883772373322,0.2529710496409302,1.2395281030189065,0.4282608483585919,-0.8693133230317094,-0.28339528502637057,-0.4648782436982031
301,-0.03774397635980384,-0.007637988631668963,-0.0070080965699904655,0.8831991733586024,1.6863428673468646,1.1257767342708374,-0.6562803774490106,-0.594231202854655,-0.7135143082876693
338,0.07176672253560719,-0.009562273897119396,-0.004981401496753989,0.8949614603672624,0.3712420054166795,0.4670723667910093,0.18048243604519404,0.7951277825917095,-0.1341337888036606
400,-0.16234244451452368,-0.004310982149270582,-0.0060365396138772785,-0.1248427256108487,0.15215148420150074,0.778218077673388,-1.0323800168867925,-0.7490723898181867,0.9683156248224276
401,,-0.006869574571678367,0.01706405098509348,,0.6380104141315872,2.1124413271259703,,0.2541639560749732,1.937483163238764
402,0.03759754516681901,-0.018274979345113098,-0.0033792388990027435,0.3627388194764561,0.4249129925554208,0.5468332799893646,-0.19070034154212706,-0.6824167023260668,-0.02251663844741748
404,-0.035775125026786675,-0.04989967166372033,-0.014188382051229171,0.2761353962336328,0.49176201189892105,0.5324609046132796,0.1810710914438345,-0.12512097261692984,-0.5255308014407514
407,-0.0804679495647321,-0.0187734333335607,0.0004928436472011933,1.72267163265594,0.2652195791708376,-0.1608585276452904,-0.08788002418901897,-0.5058987488132191,-0.6839289742710484
408,0.09577016220589417,0.08149980499385534,0.0007187034740931843,-0.12472714567443224,-0.5360838785103313,0.3537989358388506,-0.0263521907329112,1.1841468436438936,-0.43253965437925207
409,0.05682498337954652,-0.06213795203239116,-0.04496758234847145,0.22143952056570806,-0.3734922078302303,0.4284275193565579,0.3828461054182512,0.029117574997108743,-0.7517959490323146
410,-0.017592091549486686,-0.012850640180973438,-0.006583540762963181,0.4238862908280255,-0.048596428339689864,-0.4991909375591969,-0.1710238590998608,-0.2925798767151433,-0.6621267325553616
411,-0.1493898380214171,-0.028447252546080905,-0.016194188165152848,1.6565729875718955,0.10766241938501084,0.4293879681457151,-0.980651082248843,-0.9410560709476202,-1.0149257464074708
413,-0.17333178269334448,-0.02233824988479053,0.007106480974361817,1.6104539935066933,-0.050379637648012655,0.5428969776123622,0.4744586800177488,0.2910966163242972,0.4757624512106069
415,-0.17428433830673773,,,0.7283065164872066,,,0.3843788441741031,,
416,0.020042809650252832,-0.007618429172775112,0.009103686034992607,0.9021449973613662,-0.35682857630377324,1.2464590190188884,0.5360672164394289,-0.4138280369904826,0.2656734812895369
417,-0.06228120901616956,0.002621545018140953,-0.012990909989630216,-0.2283711637446877,-0.8807766471980034,-0.04122196579773022,-0.2765306918244377,0.9236175144228588,0.04489445716532356
418,-0.12928486319646829,-0.0138477297368079,-0.003932807816551292,0.2409237876603993,-0.06500330149888152,0.1741211632521257,-0.6891719147476946,0.29176616341290995,-0.27530508826987626
419,-0.08170492166211031,-0.03431185826485286,-0.02806006311127844,-0.17992898880923214,0.418462298895536,0.4017198865228358,-1.0037449232222213,-0.350246808670609,-0.8702360835241133
420,-0.17611152490118087,0.0043946734622811465,-0.0036935136975265147,0.3648764592916208,0.5208985392044148,0.5312046324984914,-1.194139680128989,0.00977929034565548,-0.5441777311470086
421,-0.07687601951353384,0.005230419009900149,0.011431953070389744,0.8756770763269905,0.48237731137878903,0.27108046733634433,-0.8083447367264298,-0.11694219712486595,0.08245424154977052
422,0.05717425041888676,0.04496501530666503,0.0060470189863001365,-0.4717891756088896,-0.171864581844188,-0.22493778360572456,-1.0176318031611409,0.5006302712540008,-0.2328626846517711
423,-0.16957316607884734,-0.02214571813915623,-0.0024462826738176485,-0.21351189795272885,0.042858674840754285,0.13728749374196092,-0.4056568476273214,-0.7374348280970963,-0.5280304082824419
425,0.08128614598031525,-0.043508923916585916,-0.01367031026929042,-0.08875094222056969,0.29822413715699764,0.0802912723925154,0.09462598930227588,0.7404129827549459,0.007017610681923499
426,-0.1981954398242636,0.017054804203829176,-0.006550056946368161,0.2997509414660747,-0.4483616066365462,0.5354130366897356,-1.091565985780303,1.0036953560478659,0.07175718206980054
428,0.134242272163117,-0.03352948229395218,-0.02015886213806773,0.3208299595002211,0.3426647889702389,2.270690500664042,0.6245144625274612,0.03786937824103241,0.2436491114445596
429,0.02648889389166187,-0.0067856623517762935,-0.002278140198972677,0.469237784341802,0.06229128638966775,0.5145875164514945,0.031350873083705835,-0.14720494602345788,-0.7783142059953041
430,-0.05654034247819936,-0.007252054793601164,2.346170095734492e-05,-0.2937755206580895,0.28152182018218025,0.4174198967375891,-1.1688783716409137,0.6374999485990422,-0.04715974777710295
488,-0.03652794155517696,-0.00020571657354445568,-0.0024748226958885467,-1.1201895856939148,-0.7806377886516607,-0.5032247641021951,-0.3123719384993621,-0.03251325262407608,-0.9152799869248056
501,-0.06528711218321506,-0.003627260340689528,-0.01397919447487154,0.22207184231576446,-0.03437248503350696,0.7369543397358468,-1.5113428124995505,1.179737106615392,-0.474008626305804
502,0.025454101254673456,-0.023970176186422568,0.006355662206908531,1.1449108697264851,0.4667036366715456,2.2725898844187267,0.44010061458340616,-0.18480313814100968,2.4265869970420093
503,-0.001491140059888374,-0.036170475007348525,-0.009118369837421016,-0.0964415350223,0.3943434042554767,2.2984555473521024,0.04128009148390449,0.6271880869177929,0.1231451103942642
504,-0.06512084741931218,0.02564164109552856,0.006330012467725559,0.5361984653113377,0.08707318455444688,0.7686993614102351,0.3063052822989533,0.4855484613931315,-0.2773125370437964
505,0.07931707781854556,0.006264537472065753,0.005763677108201385,1.4879557710014302,-0.5518669300321266,-0.2570455497332267,0.3343399437956039,-0.13032341514620713,0.28765147679599684
506,-0.058684688462768524,0.002473772253736875,,1.2875908982046882,0.5148498270063836,,0.3210354470288546,0.1323678928053899,
507,0.12429651671126025,-0.02915329051803078,-0.0022845470519716905,3.0952464165392963,-1.2802634011314402,-0.8864255597120752,0.33692550529955617,0.4636907015266701,-0.2302012555734506
509,-0.04142777672474725,-0.04260646041642016,-0.0042844473058543725,1.7120618795433882,0.2580640039775962,0.20825626406621384,0.053277491967783655,-0.2598498320427844,-0.14659522398559055
510,-0.062235422668540326,0.02290875790541031,0.0250507093988011,3.212637945763237,-0.2302938178084369,0.4301158689759964,0.1340090625924456,0.5739162333510827,0.32303318098453804
511,0.04080187515168601,0.0036880458205550033,0.015362658660058644,-0.6096975121963001,0.4660246454462332,0.39522810123206986,0.021065295467759603,0.2754613909866287,-0.045120870084869716
513,0.03650618693462579,0.013004056410185462,0.003282439704085734,-0.6274176169888614,0.2771438762199852,0.7016078747796264,-0.2207385514388384,0.08808769028913424,0.3377614192610153
514,-0.04399565819485518,-0.024859629947938226,-0.0011605148259366607,0.5535049851708617,0.308179881950725,1.493415365756551,-0.21111318809626395,-0.30831573790512024,0.5823971546060923
516,-0.04307386120285958,-0.025293743205713242,-0.023371863396193952,0.3313412129940683,1.9935116406424096,1.990160342605128,-0.4635378929753042,0.7217751372694957,0.6214265224101773
517,-0.16690070592174824,-0.9997160398210928,,0.16974186980292294,0.9158180711516908,,-0.5954471352606039,3.1013009573152237,
518,-0.14552170105129628,-0.026680035011905058,0.0028806716358981,1.4457260585747254,1.3026791025195907,0.8644921461482158,1.0457136229635755,0.11612769411889876,0.28712762970366706
519,-0.07292187218751854,0.04499136262217136,0.033064602560981336,0.7085581511217701,0.31673125637233857,1.0800268008605702,-0.0416923543816088,0.8944856883250507,1.204620027669375
520,-0.04622846302003674,-0.017789500238244563,-0.003986617670653664,-0.7992877551971432,0.6448164107104604,0.2919615177108551,-0.6106140206851105,-0.4432143109311927,-0.7125680934172427
521,-0.078466059168453,-0.00511650957573055,-0.005300496853094409,0.5494940885369304,0.5043671584081426,0.7132315967606708,-1.0856387867745871,0.5460527049929031,0.013128064390529449
522,-0.05543679876589586,0.005679557962380486,-0.010524026732637493,-0.3174606588084741,0.12093893368140947,1.4864725227997613,-1.5110673673429726,1.4330928288777016,0.5849669139721264
523,-0.4662444921624943,-0.01996092882608147,-0.007022027665976392,0.048006403125618144,-0.29280309407405997,0.02773204995182021,-0.3814249962883939,-0.4864223828731687,-0.7140615215523293
524,-0.06511845506603928,-0.048622131629744034,-0.026988731481653084,0.7263866319955544,0.2127954436916203,1.434017954050196,0.3953580659742561,-0.9445839890862248,0.2890871685212373
525,-0.2627916323549395,-0.018198845087857882,0.010505202455721535,-0.5881748199032399,0.9254543191077778,0.4566140377924979,-2.257862293914522,0.1959342609415378,0.12132752380588158
526,0.06656663119664577,0.08090915916794607,-0.0014135781176151314,-0.940187161099498,0.4404495756290794,0.7920101656168329,-1.4691748102526307,0.6317562825994855,-0.3832599294200521
527,-0.07473052764189936,0.008003302157512718,-0.024002357010737347,-0.5422474439841836,-0.5657749960875937,0.44297746385257214,-1.1808622657732264,-0.4871908776713049,-0.7645578177209869
528,0.10880712078749707,-0.018497187202072628,-0.013487244460664136,-1.2103142117648202,0.013300771519820394,0.5190164205542898,0.4745017665411619,-0.42630170592540734,-0.8458753992864798
529,-0.07649820811691035,-1.812209422510172,,0.7963887352740797,0.9065308185630336,,-1.2416701677056523,3.1522018232389204,
530,-0.10512366721259593,-0.03845440638097973,-0.013230400285727424,0.7150065933891772,0.6374055846754655,0.3361471300537053,-0.8563052189281782,-0.4160378168584255,-0.37974834790983786
531,-0.1300106688338134,0.049681288661278265,0.003677191944375671,-0.16458873867561113,-0.2988152452068712,-0.10845859446093534,-0.6104399654002579,-0.2552744155483695,-0.3989026009668901
532,-0.08832216854494547,0.041139118862734775,-0.0055182175832351795,0.4648872052059893,0.6433400496454901,0.5984053829365897,-0.6064302862367872,-0.005036103084735889,-0.3725693203921073
533,0.02015995215037658,0.004660686295776843,-0.012730694291990087,0.6609745452925571,0.2241624579610204,-0.2678843300039282,-0.2524511355337402,-0.0839389822608473,-0.9368193362154308
534,-0.04482545047295622,0.0138972788909719,0.01922862486252971,0.9451456743554866,-0.4910560235982516,0.1779662682117364,-0.7110290595608989,0.6528886597174557,0.4744373111044226
536,-0.15514800697548276,-0.03410467968956686,,0.44093218195744177,0.9644943210810558,,-0.6389883338660769,-0.481872005647683,
537,0.06337871061164553,-0.034077903648281005,0.004251517091500092,0.283225292866734,0.3289898352077221,0.7207582852077347,-0.4219582848821131,-0.1260834540259284,0.3559941660278568
538,0.03703119135216385,0.010425875864148748,-0.0149455638414416,0.7821978447312523,0.1158123405400737,0.4870914160433161,-0.22076380512592966,0.12580093378298227,0.29979780908003856
539,-0.03257943372271935,0.02387929402383764,0.0021391167002926415,0.6117511294835034,-1.0728094840332416,-0.18474669269860425,-0.10626985433649704,1.1508849484184815,0.5754153009087043
540,0.7903201768784307,-0.02737585727615305,-0.016962732043897342,0.8348332521802471,0.4758463172547132,0.5111008936366649,-0.09637593937568913,-0.31011013998214204,-0.16491371853390796
541,0.007533371781761416,-0.02671520411045744,-0.0056525704567255905,0.020404385636089428,0.23415729539639826,0.4373655063181656,0.16285277556684813,-0.9855314994251266,-0.6724751829451051
543,-0.0038179495569652666,0.0037450258938932827,0.013759194114580679,0.06628593033374637,0.8683874363973388,-0.06854216847981379,-0.4338442063704229,-0.03878552032684975,-0.054160714377927285
544,-0.18307903139878365,-0.03017709709311148,-0.00615481375638415,0.3736882486419814,1.0941159719715727,0.7960809599108775,-1.0443031420316764,0.8180418710562543,-0.03435135737810356
545,0.005650308257418663,-0.016109565719393582,-0.027697700123016755,-1.1691062317419916,-0.12953970183324834,0.8692495914529416,-0.4096561059711036,0.11582138569512905,0.42462894233070797
546,0.03820404084091747,-0.0013350416934101396,-0.0068174922580978145,-0.4770144281698608,-0.6328513921755691,0.799196714135057,-0.561996631802769,-1.292693261594821,1.141329632623691
547,-0.07660259823368915,-0.004000234176766232,-0.00859462056496469,0.9935784209483732,0.08857479705048057,0.15768512317422115,-0.7099712247896207,-0.8497506318899408,-0.7861542495300761
548,-0.017252679008344096,0.0247850452160119,0.003630472522602464,0.5545898219407114,-0.5847571596449032,0.9517490245803976,-0.2283104354087456,0.5803627299258122,0.3643820352854475
550,0.01932037531604887,0.03111664002835352,0.01282809763907208,0.16750897304395576,0.509053106758362,0.017507178604649447,-0.18386784766691466,0.8452295025511963,-0.06908762124616602
551,-0.13499833100186026,-0.029019760238261257,-0.0009288429701039652,1.1748777352319335,0.2951744130032279,0.2468707846157981,-0.8165221584819475,-0.408752113925719,0.02687405599739707
552,0.06239343894499566,-0.0010460043076659558,-0.008799524124953013,-0.06069976249476933,-0.9603066791253072,3.456433794263322,0.22099473827986915,-0.10821184346817364,0.6976396590927006
553,-0.012054261098752406,-0.026376424597123912,-0.009593174433402686,2.489852425175708,0.4932557191440421,0.1383067968135038,0.29717082875248885,-0.5213786295612949,0.018307397862201924
554,0.015708195561065768,-0.0326035921247413,-0.002128053958702464,2.20061147472607,0.22328023859013865,0.2632249034962314,0.8353778453875222,0.25492305665272763,-0.017485856344410754
555,-0.1415457580573077,-0.04560102761409839,-0.03297980803392316,1.7063073085145672,0.3873561711524713,0.2826515390364572,-0.04696419877269545,-0.5695175109778547,-0.9198345742700536
557,-0.12610686850161568,-0.023052406046264733,-0.036319407404766135,0.03534508040807738,0.16271947778507814,-0.6390677763336132,-0.09087887124287124,-0.8887409088211666,-0.5291425140646427
558,-0.003513810615764612,-0.01800705363925828,0.0015427309004559105,0.3697982705154025,0.5990283442667105,1.3073569420411515,-0.3093647948797427,-0.34835707381842584,0.1810426525437229
559,0.2322015477285041,-0.06704491072235001,-0.02350754758523296,0.6286029578391541,1.8759842057040008,1.3513978337430332,-0.5584959970499818,1.0346012682845571,0.6828239124476471
560,-0.026171840276287883,0.02832424131786796,-0.0017431262533328818,1.0049935095709477,0.05057087265777364,0.6897939206188796,-0.6344681036525148,0.7634342803703694,0.2546258967769233
561,-0.023340113005337226,-0.009149556961335324,,-0.6804960080693846,-0.0744920899081714,,-0.4093166599037591,-0.4354050763239461,
562,0.06782938032556463,0.0036529360856727322,-0.0014385342529258695,0.37645613323346655,0.6457600806040915,0.9807310226973508,0.1981708726670652,-0.006229331113667172,-0.2833621245101402
563,0.08884327981075213,-0.012364391301244143,-0.004537163073212332,0.060838842855078686,-0.12146992816701715,-0.4524856736251961,0.4495516694452447,-0.5018056641805331,-0.5307881923629431
564,-0.06447608633205075,-0.01483711559430552,-0.002560292044505369,2.3497719556456422,-0.2837888291133713,-0.2722034193055828,1.053880562940103,-0.5096497027004453,-0.7997993651648526
565,0.0015761644693683408,-0.013985718430066352,-0.01007466777917958,0.1428746498183484,0.3903803761764337,0.3795512580509933,-0.6647681650587947,-0.6259112806066699,-0.728451909096828
566,-0.061367369163256885,0.018044765992153503,-0.01240139542471042,-0.5520376598218307,-0.09295868708289358,0.20831801439976835,-0.8104956314208571,0.6831112059333512,-0.10867085698958924
567,0.12335038103461438,-0.026011973551894857,-0.00871966088383027,0.7719229634043824,0.4114900113202304,0.6529312324290546,0.637503650791096,0.15263839128455872,-0.271371706504969
568,0.011593627089853951,0.004849183131207271,-0.004517038174291842,-0.2129794607553228,1.0099190603284631,1.8831167146738208,-0.03415738066553134,1.8576678177577035,1.0452496141473735
570,-0.08635855498285909,0.10559102589316552,0.024859249300611952,0.3599528929263087,0.7867721652395955,1.1492430416147843,-0.7832108753185673,0.6059686548963608,-0.14887105783437918
571,0.10554147478332987,-0.01759113867049381,-0.011826599543205862,1.2041726210710766,-0.2477466876466793,0.8924134980563908,0.5795162449251929,-0.7004852311921408,-0.5713271481136327
572,0.17671422752273655,-0.008347375866567051,0.010933177713098914,0.7503668979477106,-0.8459830055824246,0.7330974562419134,1.1864953884256757,-0.12170367311874272,0.3917674022348168
573,-0.08652945748411607,-0.0124901274416036,-0.001825580231189268,0.16500643198735931,0.6209372917285382,0.24636258780521164,-1.1576653205199785,-0.07628182849362271,-0.4563276341824094
576,-0.015255678291404147,-0.025080534261754408,-0.020021921045098548,1.3612904922574942,0.7706039115161069,0.28144505049796986,-0.02802438968667964,0.4322616551540171,-0.39962694375448055
578,-0.2833389912062166,0.001839186779943468,,0.7207321611395698,0.2908929200104162,,0.8724628240930751,-0.677150379942763,
581,0.10286428586722322,-0.037885078412239176,-0.006719597936335506,0.17603221286946305,0.3846071987680087,-0.06354895397962443,0.437532309878271,0.5547738846658997,0.08412273578935928
582,0.17577742250311684,-0.04430718448704519,-0.00119324422304066,1.0289634548780078,0.07591078360921602,-0.16361985080117253,1.4819865571060875,0.13006239690052912,0.3486224630007645
584,0.04222128434155567,0.07049593847366792,0.019004584345848646,0.6607720606263907,-0.12447219214511865,0.4676966591499984,0.2773960917404052,1.0888344496773992,0.2257058187691916
585,-0.04951772334921875,-0.004497657157876297,0.00463206114501058,0.4966773017031868,2.062821511348496,1.5623230624004938,-0.5478471706242828,-0.32523362680208906,1.1219614772621531
586,-0.02859188026035356,0.01873092752031164,0.002173823622774289,1.3110059163811636,-0.4987348747687209,0.09896612406724788,-0.2226502976070809,0.6978486920368917,-0.08204895692441788
589,-0.10498112849289336,0.08565091328164087,0.01803698284990676,2.5799106886073857,0.7819870115163816,1.5268257190471992,0.09502119260536697,0.5842910841001783,-0.056286055720154105
590,-0.21283234643280305,0.012152081473571049,0.0026659164736103323,-0.10613882596009384,0.00975389892511693,-0.16526020133512698,-0.9858489828346536,-1.0885874788888783,-0.3027266226078544
591,-0.01933815249073556,-0.02116172144477036,-0.015166415713465853,-0.4251624375032927,0.4318539590704829,0.5930707961680546,-0.5942933412157276,-0.5145501304428018,-0.9541478824270458
592,0.3305403462586929,0.021085750148416932,0.013850401661648791,0.9315817864768332,0.09460221208469988,0.8696702818425902,-0.7840322787523201,1.5857279079728646,0.5728696010112443
593,-0.10136843169494428,0.048544116606137055,-0.0041752328744911115,-0.4477636818895523,0.8817699812473929,0.7603726077570756,-0.9100274280166456,1.0842796323303354,-0.201904269521342
594,-0.10737924173439893,-0.01251295732592513,0.02038155062215489,1.796384918023116,0.4408430078184015,1.391550594418981,1.5525853695244942,-0.0817281566690733,0.19726171947233626
595,-0.1756853956053639,-0.015267744859526169,0.0005564763728878545,2.1066662904541413,-0.045527459904556936,0.3185255785131391,0.4583769930010935,0.3878981793117824,0.1901494336405604
596,-0.08670490301692307,0.04312006377684752,0.004036259263666679,0.8305229095322404,-0.015104948674268048,1.3012574396436587,0.01861282576339485,1.6392076962290028,0.7646605146975531
597,-0.04402524338053043,0.04391509918852005,0.007526816698373689,0.062161769446215875,0.034966430733350554,0.034973873374188565,-0.5920778727704687,0.8321357452362559,0.02518335503510269
598,0.2564382484386506,-0.043646292435085096,-0.040245902870384695,0.4504607276798429,0.4501449015175064,0.2583604134396534,0.05854459414323435,-0.44787347970290586,-1.238695966891376
599,-0.1462684639751084,0.06929676328695535,0.003494403243235005,1.9367714264855884,1.093922389689162,1.684236283846937,-0.5754555183526012,0.13157799624900401,-0.31577618474822816
600,-0.06849953789346633,-0.007326858915764826,0.016445089134896368,0.34207595299127386,0.15688299878108275,1.5161500286169969,-0.9618692438429256,-0.22500607915600807,0.16795801749153885
601,0.051130683529240606,0.0042944935280459055,0.006905070241039646,-1.0219465196937982,-0.01943982700409121,2.2246611679937973,-1.004433348584049,0.5176222788542159,0.8770381842857734
602,-0.19238286015690967,-0.04337455024633095,0.0059014685059613796,-0.5027142403063095,-0.2196389053551213,-0.28170060723919593,-1.59295535944335,-1.0001996128017212,-0.31326923112155153
603,-0.303059835559404,,,-0.7186987291641439,,,0.8238766612659875,,
605,-0.025026654957588323,-0.02620193765843902,-0.0013637622703905235,-1.0046843304922948,0.034055666586393384,0.4915732455087442,-0.3672362588162152,-0.9111455625633734,-0.27932277370260983
606,-0.11905606659958168,-0.012710221973094914,-0.00374853936668801,-1.1521406527699254,0.06107663275195754,0.5450964190684574,-1.3074438851310013,-0.4818727038323714,-0.4852227447505222
607,-0.10181258781284447,0.025587149223304042,0.007067416867912981,1.1106920942128546,0.8823410030121606,0.9450688116087196,-0.777111008543194,-0.03353623952015945,-0.3982374029252405
608,0.13127227522138965,0.006322373880380918,0.002431433941622769,0.28048448614427,0.20649347591323308,0.8601950314019142,0.4012360032838784,0.1126955733423834,-0.17757904049551165
609,0.057487378158650876,-0.0191787359564304,-0.00050380077750041,1.0040386114262725,1.1644176209562107,0.1279677935720018,0.10117642294495116,-0.12443164628703407,-0.5074042137961063
610,-0.006644996358997013,-0.007368590094661959,-0.009301774219148972,0.7043697534385676,0.8063203640638631,0.6499301475347431,-0.2329428985622851,0.10655422795129367,-0.6851217237281525
611,-0.05915413980529685,-0.012059810700772377,-0.0039465405494030475,0.7179347107152841,-0.0886539503788548,0.43429443228939696,-0.8397628330804429,-0.3512425361792489,-0.5461168157556328
612,0.05483128330439594,0.0668546838088758,0.013288933610876396,0.5366304979058747,-0.6751753268430774,0.21476388644164374,0.10851878321233932,1.7063448591583985,0.7820154476848984
613,0.047254110043161116,-0.028015129332929902,-0.024363404493328744,-0.15854575023267434,-0.2108307458159409,1.2654667649542852,0.08873616109875931,0.7606537025223041,0.08023925117410867
615,0.0552260949315738,0.04429054031908948,0.02250481507002485,1.1338899128232434,-0.3822775213750794,0.8257668426569728,0.5740044137571128,1.1161681573489022,0.7575450922578074
616,0.11190678406080627,-0.03193188509431868,0.016557640009756184,0.25844853889958685,0.7648868357943898,-0.014073262016418763,0.2394829091093345,0.36063420944608704,0.5131076815952721
617,-0.08886963851068594,-0.02670721579259171,-0.0020503370012186052,1.169758720295471,-0.20600257204906489,1.2466185305774422,-0.8548891665821449,-0.7764230148077478,-0.2069994940446211
619,0.06310126040896719,0.04483124225923686,0.012921440052290956,-0.4550542255959836,0.10974621164163388,0.3021467075676715,0.15798866127866393,-0.7364431135642143,-0.053930243701641775
623,0.05928157482679487,0.022093565885797,0.016208198282846215,0.8219015146387431,1.5407685779509877,0.7836036951639779,0.1377034503034187,0.6898646586470429,0.17715286139807346
625,-0.02698926796207897,0.04125837270451849,0.018180640058889662,0.9512088162091824,0.7488542306423029,2.6809140196817207,0.1237581520446897,1.1003659343852397,1.8059840881741718
626,-0.12718881532834533,-0.015451209280225796,-0.0028132392534477627,2.8835566232894174,0.7812816982438259,0.48106278561672,-0.03153832983552648,-0.7964328818020542,-0.8347920240835104
627,-0.10255180535551278,-0.012916164186388392,-0.004446424956656373,0.1718256382586638,-0.026490528073712497,0.4194288329304979,-1.3094205683489164,-0.12194806884265652,-0.26993905696564496
628,-0.021300712940261646,-0.0008544671517230478,-0.0028128459821111784,-0.011663339560788912,1.145177284012312,1.2811125521797602,-0.5729681819673683,0.237144875177564,-0.10550553165083336
629,0.0162020963535569,0.0042472820189397385,0.008833326535552116,-0.101673383569274,0.4662102042857258,-0.731715808692967,-1.3294674530947257,0.5980828171048748,0.07397669812527305
630,0.0007544195869564897,-0.013353616799070864,0.010971310245589559,1.427298789086065,0.4714456229893795,0.8740312622072357,0.5669462354415,-0.30891558808049,0.0014677365555916546
631,0.07996229574844872,0.017864809105310908,,-0.7985926715377358,0.040242523690149135,,0.21446072704193667,0.4191469071276652,
632,0.19108669685187848,-0.04563323742706934,-0.01415939132928061,-0.2832918612711671,1.3276585975883208,1.9739745018126231,0.5916448000174184,1.392084561281395,0.8099115481957817
633,0.0638219736749551,,,0.6691524670300896,,,-0.5065540121218062,,
635,0.08758215137367609,0.10075523918268824,0.018437084940915702,0.6830975323268066,0.1264786850121011,1.0940884614021302,0.3090386250650049,1.967931771895816,0.5749906364754168
636,0.02381425975405678,0.01318844982708758,0.004063352917052055,1.2421881896819809,0.3171196052310981,0.07813620051434028,0.4807067940598636,-0.15000691402937882,-0.09810868240392807
637,-0.03533222539617845,0.06038035249522545,0.005076632817106228,0.42532860315122745,0.02146102441072366,0.8663355012190785,-0.8323330827478014,1.7719737383362582,1.0033974734330489
638,0.03980523872042721,0.0014342642813244492,,0.5961546239708795,0.4116799343564622,,-0.2642742370511201,0.22874621152086985,
639,-0.11023301845886667,-0.03155141153515808,-0.003071255041129402,-0.2122338733501224,1.2048745218872274,0.6262068451341022,-0.9125119816869288,0.053295520641995255,0.16708037774408882
650,-0.032362800628983765,0.02400668827167069,-0.00020573593163286666,-0.08460843489067621,-0.7069036031861581,0.08488648832249329,-0.8437150550385899,-0.19122272802276052,-0.07779927492514277
651,0.006386313326617514,-0.015285596989949066,-0.002491594299676476,-1.0763938185760535,-0.3729272232118763,-0.4901722766699573,-0.19080963972113668,-0.09558841225677024,-0.16494559112421972
652,-0.09703751538394054,-0.011092691978823356,-0.009905503176641059,1.7800962128858175,1.761238458093085,0.8182304252705309,-1.0247194152143555,-0.4568746154446184,-0.7422855743235651
655,0.020056025963468588,0.03584108432588988,0.015169376955647804,1.2827506756528049,0.379925157665099,0.024249627546908487,-0.06372928352346807,0.7999402851904792,0.05989533065352521
656,0.11739347206160147,0.0583978172133745,0.011910551607242992,0.2819020017163925,-0.7628634095396583,2.0680431970715785,0.2986487037730542,0.7771068747212987,2.1524164343994574
657,,,-0.02292203768876716,,,0.3131046518098605,,,-0.4272210326891532
659,0.0536216920549884,-0.010676577079638556,-0.002667510693753181,-0.2654597061402649,0.06966852723132137,0.4601137020738839,0.2024066769255675,-0.28814337519138244,-0.4785518102548027
661,-0.10458576227780614,0.02234921061137584,0.005476353577658428,-0.07726026671971492,0.5726194223534233,0.8958083512348571,-0.09661226914070968,0.5727051358607386,0.4137175906786321
662,-0.11516216774885,0.009231050822786935,-0.0009347335235478944,2.9410638469784045,0.4722974266469174,0.2359413699052228,-0.4691577455000597,-0.8901827055112971,-0.7027924412156393
663,0.6229102250893228,-0.0279390641796487,0.009287270838217144,1.4045368961521694,0.2726806025754774,-0.1484696973117686,0.36736214153824015,0.6362317043764799,0.4269208577705312
665,-0.10979215302588938,-0.01482668944242581,0.006818393350005943,0.08802480380062144,-0.3337140690575107,0.18723079358948924,-0.5659299097714396,-0.33749296161787257,-0.2344492850621999
666,0.09102266140932952,-0.01855968962759159,-0.011684581627503157,0.4701804628614418,0.7356157261600859,1.2741897068744124,0.260762831784425,0.6417054101600791,0.15161332453904255
667,-0.0035574361597304756,0.01133118398590215,0.022024178598598104,0.35086817624060473,-0.4205229724064865,0.0550485839891962,-0.32205106793253624,0.37769795931415096,-0.03464586342142932
668,0.0940645414449824,-0.03015948811965532,,-1.0025002633527031,0.6212820131821204,,-0.2663676214656483,-0.186913869891122,
669,,-0.009926874107694215,-0.02317380571489723,,0.5963576629783757,0.4485818463254025,,0.2845598074105504,-0.9664915061437288
671,0.1728594595941929,-0.07386813468003113,-0.020210564592396577,-0.2920762019467588,0.2911158319745146,1.5901050124972549,0.3498457576657347,-0.0824140138342809,0.8748807097602092
673,-0.0887483710017753,-0.01749321788785763,0.007091338288465848,-0.20112810965502848,0.5176940301214967,-0.5334954686125082,0.2350168404346309,-0.2207121238336835,0.22295390963759232
676,0.026296118756508488,0.03593583618420732,0.011605340730665322,-0.4170306370087172,-0.7439514955949612,1.048904101461308,-0.4718601649251064,0.9915323669949248,0.18237302968431168
677,-0.14273384186189286,0.09884577970153112,0.04131028545568726,0.4073890683750207,0.5767213648717056,0.6679249765993298,-1.5712022580258094,1.3635281515348612,0.6656225386426332
678,-0.025002398451289515,-0.02491071287400778,-0.004755671472244665,0.2835553214173098,0.9674189376477701,0.8739348856346354,-0.4233307965329866,-0.4481541042379227,-0.6492370682800032
679,0.05173155091010295,-0.0019540861864388056,0.024617026506389143,0.30604780565440753,-0.4153813860254641,0.5628673500681713,0.006289002255414496,-0.35262761618356897,0.4972923913537717
680,0.007841032518757507,-0.01223831978680904,0.0015569024421281938,-0.4256957828426314,0.8971449234386133,1.172356780037979,-0.14299252460077058,-0.6162978099297123,0.3228628511686286
682,-0.03490521062427868,-0.03234508671159548,-0.01756898270609048,0.8516127685528664,0.3237523172472325,0.6634577544596812,-0.4585705502511439,-0.7668124125922356,-0.7801846898621856
683,0.06136000228379492,0.05010477954325843,0.023842710936928208,-0.17026096272695054,0.770371153528491,0.07713033482609574,0.08622936295222627,0.6151878442770341,0.48432754073208795
685,0.057871464800149874,-0.001679714577355146,0.007679600232231998,-0.7719660954852972,0.12234859878308693,-0.06856420528561467,-0.17801280239117753,-0.2054887892509222,-0.02751094933192597
686,0.17204175369469732,0.04054325983333538,0.008878375266277425,1.4687166940063334,-0.5434462563449569,0.1251635757021089,0.9303532772799687,1.2482468081778109,0.3853803153142229
687,-0.09339522181863036,0.04356391197927234,-0.007458522880340764,-0.015839382757391003,0.2290031056290658,0.1884372184457155,-1.051985981153333,1.2567907981916349,-0.6819308896360395
690,-0.05530713634487963,-0.0023603996305435124,0.0003344020920697313,1.7795117272637218,0.988248588694432,1.0085945700888266,-0.7214260125900345,-0.2800934009229824,-0.011080746925072894
691,,-0.002711602700799073,-0.019053008852671686,,-0.8185180953674436,2.4156268279178303,,-0.4703410135096641,0.7316349581419754
692,-0.003308750568256497,-0.014583784419426584,-0.02479735085329959,0.5488278303602141,0.3102186135649744,0.9156128548706772,-0.3311537821047005,0.2288449474895324,-0.6711975391377435
695,-0.08596462047446612,-0.002877476429652245,-0.009602944603276287,0.2700693844651659,0.7514292426458951,1.4010973705625938,-0.6759092287550265,1.2959038540638117,0.17782207259090532
697,-0.04153887242847039,,0.035643474774052414,0.4034040246836805,,0.5385980845911003,0.2904841340816046,,0.4655348108494981
698,-0.03406123311274503,0.013641929370450615,0.01956727430364491,0.26489085298452475,0.3182397586197219,0.19181746817285544,0.05474485306189676,0.004305120527258537,0.0395719395749404
700,0.016915263090779203,-0.02357305910390769,-0.002337961602793326,-0.1356031024282212,-0.1273552417654521,-0.03046774105621585,-0.1558928017597396,-0.2297395269674155,-0.6271044134962708
701,0.0016320467524285065,-0.06144752382389895,-0.01550110235772344,0.4388107634480493,0.4687092189989854,1.8973225150522024,-0.09284331894110216,1.1457496659070103,0.2448567668062641
702,-0.02196678387350529,0.022793179890116044,0.009756919214514836,-0.006589773642920131,-0.8370291362267315,0.5597382998405934,-0.5136623443664049,0.6721271041538281,0.11704486027635486
703,0.0019396318633158466,-0.009111516700352977,-0.008938059008125311,1.7193227992249602,2.26686998257842,3.581975553028116,-0.13594301395028832,2.5444975585503173,2.063485728388047
705,-0.017620995323623156,-0.02389451630560315,0.006029562595307678,-0.3010557910608084,0.2579204583026504,0.2064959126263316,-0.5253761380199017,-0.6903142898348321,-0.214337909649066
707,-0.0987217599646728,0.003335275649436531,0.007436798152128205,-0.20828816880445608,0.4457283149820492,0.3781046666131256,-1.1437791129973056,0.05579059995974809,-0.15436774291097
708,0.1441222371769173,0.014900438979723369,0.002100361842298396,-1.0125387890124355,0.3717349450072739,0.5629742311680462,1.1499114048850614,0.22769099827217296,-0.4695959363233945
709,0.00734744265071828,0.016513957390471484,0.008295882139099162,0.4364082239837148,-0.3756009712480378,1.6388204814379468,-0.28252398771129794,0.4996550310455045,-0.0063041228781571465
710,-0.11513539907212135,-0.03903691669736005,-0.009740267939621277,1.2948175255822971,0.2528428595702459,0.4833893853399967,-0.8627217839460954,0.35239279897626474,-0.08279325386411411
711,-0.05547563112397546,0.031788511366067335,0.002656749770176034,-0.4699469343629175,-1.0208250742818192,-0.0966593422860967,-0.9292499715350054,0.8512015536127285,-0.3311164724411309
712,0.15290382232259014,-0.021699644146329463,-0.0002129358821467732,-0.5186462294912696,1.1725488750776998,0.5654786155561167,-0.7127046000413001,0.036253121165899634,-0.4932216235565818
713,-0.14357180966955144,-0.01917392220041829,-0.010211013170737887,1.9725458852856763,-0.496749136819614,0.07693550153193157,0.6714542778624542,0.2622595421310387,-0.25909612934652443
715,-0.04336085928839413,-0.036115604125577135,-0.016662458725571372,0.2202918778847137,0.026351276187645063,0.6775471628149587,-0.8043639956758735,-0.1811030314720876,-0.5419937513901836
716,0.03499227468333016,-0.002667168332550455,-0.009386703645745304,0.2904682100364471,1.0559022658211614,0.21337413442138747,0.038532287155181054,0.3257520993682616,-0.2121360783498941
717,-0.02127313759718092,0.07069119589101258,0.02481751806770161,0.5393911344145245,0.2680256085373782,1.0039412664123308,-0.6707250644402148,1.845977281224056,1.285330194446204
718,0.05944234678310412,-0.03421233454831683,0.02135369721492731,0.4165184777075329,0.43218569533298,-0.21163016392556955,0.3308625158486401,-0.0758430442618933,0.13232428518403128
720,-0.06055732569300795,-0.016883297338638144,0.006092837798807999,1.0750593303597384,1.0723611558274466,-0.03226670517071789,-0.2876688231008049,-0.3706276107314795,-0.007577942108013188
721,-0.016548631767572444,-0.0282494740989933,-0.008622772582952402,-0.580861851196809,0.9206483516367516,0.3781164366442124,-0.5862438827849094,-0.14713538859558498,-0.4211535075385117
722,,,-0.0018304174605353087,,,0.2805909251204328,,,-0.28834030316190873
723,0.02051643635726086,-0.006878072474410368,0.010194131539214446,-0.6246314036068001,0.6409066779913529,-0.5140486037025646,-0.15773274387522804,0.1332646241600808,-0.0664333111852347
725,0.04527763603074483,-0.020954499026749045,-0.007375941846645508,-1.1483058968452584,-0.03621130990412461,0.2668537017664416,-0.2852244054852048,-0.7385418361699503,-0.6685342559211199
726,-0.06469257942021575,0.03185670315428071,0.00843224349955889,1.6131142763098023,-0.35348033610529195,0.07765710084384518,-0.7359614062328493,0.7487596599641801,0.2748429502714779
727,-0.0679031489515082,0.04161384785347797,0.017185518318560446,0.7632555265878499,0.6509781834265164,0.7465768896091047,-0.6071496649099597,0.5106327540336459,-0.16324323863721765
728,0.014182242407910828,0.022393543415596164,-0.0015063125835362776,0.38247708021481297,1.1312662301836522,-0.4377222171063456,-0.14357328572954028,1.0392629761446923,0.18206155428469506
729,-0.008396895695375828,-0.0201738031422528,-0.021388074284769576,-0.4211820989384252,-0.04470487344963192,-0.07684984004374658,-0.13536143930661854,-0.3173702855775357,-0.9537195214518414
731,0.0024649734907647713,0.03647644246626322,0.01872193193643225,1.5658560196079752,0.5834123713752296,1.1626838778558009,0.4311237684197271,1.3934800038648023,0.5752703399070662
733,-0.143155614863759,0.060340165133264935,0.020099440036399636,0.8588664648705958,-0.3152144262743393,0.8819162847292812,-1.344705446548678,1.7699067105281914,0.8142401368495871
735,0.2252049319161029,0.0051555310262735255,-0.009827091635201715,1.3750179500457187,-0.3908705389482328,0.9436786198533512,1.2247402766891091,0.6932222815022284,0.4857249743736382
736,-0.031098718735978605,0.047028269446646016,,0.6878486664887055,-0.28011136529829755,,-0.40684864734601306,2.0149069555110626,
737,-0.011735329089668706,-0.012860581920289185,-0.022033895731397385,0.2411241824417933,0.8127894823277907,1.4605650524610532,-0.42205155903598585,0.09964685446843902,-0.6704700912744456
738,-0.141245694255336,-0.02896964802680192,-0.004793327251409407,-0.3033355379556521,1.1267462140418043,0.240616741616138,-0.8169517067832808,0.9097510973576796,0.16060676829251516
739,-0.1307602921802359,-0.014999298869840588,-0.000778219655182457,0.13944544122470712,1.6497262232730865,1.8399494810388064,-0.2262559819215081,1.594775790909173,0.8170058412744616
748,-0.07595930635040576,-0.002271999643085207,-0.012104032442456385,0.6102701877785608,-1.130922919118442,0.4697377292371996,-0.6911420737318336,-0.14370771117854092,-1.1170542248650115
751,-0.03786666593200591,0.001368578519395159,0.0050952020256455795,1.848799647592361,-0.1945600360892165,0.9292271571009209,0.5674984492429113,-0.1918849827274321,0.15205375827834958
752,0.07138851206111188,-0.056060572965524635,-0.002802855530698416,0.4488784759959825,1.2624314644858834,1.1876055236989993,0.157460358966176,0.7266560885944193,0.2274207589383287
753,0.15860021255500115,-0.021130559374810117,0.003561198968140837,-0.7495510067336685,1.6779753286902526,1.9439721024308487,0.012223170724092892,1.6682148781811836,0.7848401689890913
755,-0.009047439996565544,0.036459791925133184,0.017552672651643942,-0.3526224450670022,0.4240842254329447,0.03974897029513573,-0.4551821461989602,0.8904856070406636,0.3297445553992225
756,-0.07801826279290028,0.00428741860608116,-0.0016695248188676446,0.9517211096166982,-0.0989534080250433,-0.14176351509321047,-0.9983328500064912,-0.05741867295745502,-0.4786750240313801
758,-0.13363771634234614,0.006653740669631107,0.006660299351836742,0.352906167051092,0.9786811250695799,0.132734435625468,-0.6544109931133767,0.022811799308332104,-0.2568587388518841
759,-0.008025166375379589,-0.02304937920565504,-0.019945705417999983,-0.2679994797094027,0.9979471857726164,-0.24614998207155056,-0.929315843222808,0.37894382836668894,-0.4832422081218178
760,-0.016489345010755524,-0.006887027815675074,0.005426444413203592,0.18886057289903505,1.8219029605998158,1.7924144992848408,-0.04651627095733581,0.07146660929471614,0.4731865674495962
761,0.06223249962218452,-0.003047544291945875,0.0064015477928523155,0.8489293540246675,-0.26903091629060605,-0.2757263199796957,0.1858710040597437,-0.2276862053900779,-0.3129609932356114
762,-0.040719730445185086,-0.04447856557704664,0.0005893483258133294,-0.1493021754851569,1.0838307934841684,1.931275479638856,-0.5310797338800096,-0.5121836457050902,1.1891503036051736
766,-0.022617946542032724,0.02900860235594033,0.003298529046064938,-1.3493145862930982,-0.03670788216034792,-0.4225840733411165,-0.7000427802353048,0.16802750827942914,-0.653182362250176
767,0.01493985940020274,0.0231524664363154,0.003007097577772705,0.4667924684490243,-0.4462330760940215,0.03889742617050617,-0.2361832161707945,0.8281362816020371,-0.2740379569597705
768,-0.05936606918697913,0.0893330167623066,0.013455114137253428,1.6977742958427189,-0.13367716190977294,0.4501802723389346,-0.4606027306175842,1.2378025317211936,0.39722850920139735
776,0.12737223131161993,,,0.6413940037397975,,,0.5655944147005779,,
777,-0.12692308179201,-0.027244810682097186,0.015331099890082809,1.4499593933753352,1.1802582757429778,0.9753587715901888,-1.1256268359064896,0.7615194240124586,0.6205617744145197
778,-0.0184658478665589,0.062464301936764624,0.02093492511831864,0.9721715796280732,0.9086082080560828,0.1219215510335027,-0.6053768454400271,1.9973006549437624,0.8834787811059531
779,-0.07194569532120001,-0.021163803747051717,-0.007148957152162872,0.7820249370443283,-0.2718784676158569,0.5896964393004593,1.1180381029935904,-0.46368705313664793,0.2218107866729873
780,0.04487062907914588,0.0004089026922598268,0.0019303452725933203,0.6011037711424254,-0.062112842426119814,0.4147581180069443,0.15433088542213236,0.0064704766591897,-0.12960836612698445
782,-0.07074573950030741,0.018116016494157755,-0.0020984164396003254,0.16037486834899972,-0.18563873088252889,0.5822127099842518,-1.0299945972580962,0.4367453516641373,-0.4337424840128589
783,0.015567493904172641,0.03900084286366483,0.013502845878317321,0.631857579428806,0.695326458880984,-0.5727265059376954,0.2769413796104356,1.1407394514389084,0.6157327009387311
785,,-0.004454135049547834,-0.002598861090595889,,-0.5342790901510753,0.2556810793461324,,-0.15349200735468166,0.3251135140259337
786,0.031254064937143035,0.009510815239101196,0.02023789118017711,0.1604681214516987,-0.28924638730831753,0.4567698322314038,0.1353694948104216,0.04110369357911954,0.22874382470499505
788,0.07884278356576223,0.01150030763476254,0.002709225966978201,0.11588896065572488,0.08033517599005474,1.2995249801633708,0.09834392362372156,0.7266062661378804,0.5034987124667579
789,-0.037768829455453866,-0.030601666225748458,0.0014137202571530318,2.1347760994008245,0.5697025534748758,0.6619043203342532,0.3051405675832621,-0.15996560973317187,0.4293628280969415
790,-0.1898345198761636,-0.04269169790021842,0.014732291103510453,0.7455948818361594,-0.2311802654412061,0.4251076565049964,-0.4855269828204845,-1.409921019312064,0.92952891345726
791,-0.07014861959453003,-0.004667212656420281,-0.003898422547938093,-0.3460423078636756,0.2154122480638904,0.4992714329385557,-0.9688440517187576,0.06262576407418285,-0.4808102644060273
792,-0.02826647943450538,0.012924299066033929,,1.7748721577028588,0.3391769640954357,,1.5739317824463712,1.1539868989211142,
793,-0.0038262602380148853,0.016415925218347716,0.00800260314019138,2.3039301317398806,-0.4620272989352091,0.018537478129611158,1.3143363110621429,0.32761831932371804,-0.3819143083008835
795,-0.08146451096081961,-0.0001992556710281321,-0.0015136601201797724,1.7304247351985464,-0.4907772092582549,0.7714908205508887,-0.7433504566176743,0.2517195036308776,-0.14593426525874334
796,-0.07307927438850043,0.013774915211214812,-0.003215921161781405,1.9774239287362831,-0.3211560380476712,0.34032205094479906,-0.9034131361796064,-0.3215137910685809,-0.8118362421856268
797,0.312998963740124,-0.012089173264797092,-0.005154353943063912,1.0049421511981,0.8585483902074826,2.1194024997329177,1.1328333187855542,0.3270912745993926,0.8569565774969502
798,0.14165872344361394,-0.018785942016391416,-0.016960211114297637,0.8497085893290094,0.4035995760572007,2.085643408572882,1.128961607686469,-0.5953465049961733,1.3412242774928411
799,-0.12072481569880066,0.024249140357528474,-7.468736688443292e-05,1.3621898735920532,-0.31942060538131234,0.6211660109193801,-0.7286520640785688,0.3702387525051392,-0.2906054416734832
800,0.09650212822804256,0.02097354927176218,0.005432576873715532,-0.17175500419829887,-0.5019781492580687,0.6092079944788557,0.25433782049372783,0.07712237256594391,-0.18150876199134905
801,-0.12110245651063373,-0.009316133768629036,0.008298752244233584,0.4871474079717766,0.4230703907053196,0.6296593371936854,-1.0292764316030203,-0.13121312492142498,0.15107586013913574
802,-0.046077429773216966,0.09886614072846768,-0.009015183723315508,0.9881346261764222,1.2196174091713023,1.8038719795269893,0.16944327797374392,1.4006875573980495,-0.6300710574304745
803,-0.13439917196157694,-0.020445811228759887,0.012268177855896036,-0.18787904637752287,0.460694790850741,0.8147163049782095,-0.9650736686381376,-0.1979821721631185,-0.18354977739851794
806,-0.030950052632064563,-0.01269923595974862,-0.007960139003616098,0.3280619589845539,1.258304633676526,2.5416481144094005,-0.13512715129303196,0.6167365607523729,0.6037033620024905
807,0.011726471514953318,0.1076994109481766,0.04057871845482315,1.0190758536032405,0.6041568972618931,1.9843157324924776,-0.3837371786229095,2.637375335027804,2.214763529058457
809,-0.4260321221499065,0.18266270850308972,0.019336004901973826,1.3116719801527572,0.4672683602816976,1.6686470964080973,0.3999494711747361,3.06952760289774,3.0947255027674507
810,-0.09842799978271594,0.011147883947341066,-0.00636212737520991,2.043309966115421,-0.6414025562123362,-0.2262870809436657,0.850890402254024,0.16017550099862102,-0.5044982117985063
811,-0.16447460666452748,-0.04297868717996995,-0.035605569262792534,-0.6525768869644001,0.3674420794799739,0.09978436587198884,-1.1109180529985452,0.09280926893639747,-0.6931278401709821
812,-0.009030553392241123,-0.010328038900830944,0.0014981400520997713,0.3874614915019821,0.5652068520805287,0.4432066281527218,-0.4911414960279844,0.2611451603331425,-0.3450820788553898
815,0.14829531185543113,-0.06617701916672665,-0.016096310832548345,0.4600659686680101,1.5266796906972864,0.6756202486045878,0.9631143725176105,0.20263293015875392,-0.33635296008285376
816,0.04500278692872218,-0.026968920709385568,0.003783375395441442,0.8783658931646082,0.1069612705246998,0.8954495233522742,0.3638267687130817,-0.6927107088327112,0.3889935097255007
818,,-0.011532107415371664,-0.01655258261739026,,0.4479545349030429,0.5091344146875353,,-0.5597680049448306,-0.5447267093595948
819,-0.3989697053470633,-0.017346598926292228,0.003211875846485745,0.9368009550528292,0.3139326974912537,0.9925031358338874,0.052907220975454736,-0.8838058027772682,1.2022924713064451
820,0.02344503178880216,0.014809161702963643,-0.002178820350471079,-0.14220408563510914,0.028699531120541823,0.2580110099735102,-0.2499351544660686,0.7816633939555834,-0.3895810021614948
821,0.2411136221488027,-0.009828851260693015,0.0008393192677621683,1.514965980733696,0.2373165380015073,-0.4400018069939227,0.6001769683849929,-0.2710421317384616,-0.5231254378231713
822,-0.06756852020152615,-0.008416506565039169,0.002089984559696712,0.1445411634762746,0.13204228216941288,0.261760517151762,-1.1418387111779005,-0.3172830513919781,-0.14113013269089225
823,0.02406753689505629,-0.038470864707505374,0.0059054597660022036,0.5815863915864039,-0.17212668474108944,0.04927209922227227,-0.2560231187384295,-1.0377070068196663,-0.11576660367773138
825,0.08319269837669599,0.041370724375838136,0.014168122528464624,-0.12610162548738266,0.10511761979133764,0.3146321601587274,0.13590515837872258,0.9690308879708426,0.13790561783842398
826,0.05972609377020475,-0.030905247459537964,0.0008665271444881582,-0.34220800166243764,0.5697045288135398,0.005149572352539736,0.08316437435080279,0.6973657136814985,0.4363316557568632
828,-0.050627096465036665,-0.004356010823367364,-0.008065501104191245,-0.9491829456635559,0.003278515702096152,0.35708088459253395,-0.20968849489706412,0.6687941504402141,-0.4406343216888515
829,-0.03745089782924228,-0.047779734241932825,-0.017600281109637197,0.6716804025924228,1.3863719835254285,1.654044153014656,0.006392808373569954,1.3132153063013223,0.4875699704883035
830,-0.007977361212617023,0.01655842191664761,0.0038767804271477705,0.15062477880269312,0.8327067614487716,0.865823628770394,-0.51916341202444,1.1391229696390976,-0.20204270240715289
831,0.09772687960361233,0.0547657111938674,0.02588551819890484,0.2169157691266846,-0.11939609977116565,0.6909042175247722,0.25276785640004795,1.326919397706232,0.4228708182564463
833,-0.06295004929087497,0.046685028783006025,0.0015668381067494071,-0.3804828901621343,0.8831906102311491,0.4562992054923284,-0.5010675875988406,0.5546825636781039,-0.488040918158446
835,0.1150416624475114,0.0020218031974039053,-0.005134679985226431,1.0423779909965212,1.4694387449047068,1.12937159081598,1.397481504305037,0.14303651821038904,-0.6395550907950789
836,-0.1133394751644535,-0.034190320847416834,0.017886093017682278,0.8958459682111196,-0.5429367215164086,0.06143761723938939,-0.7553343444928383,-1.012747201251829,-0.18994424209494096
837,0.1362431915204899,-0.024989627493096862,-0.016309602093610532,1.3569499830657417,0.5598432326209881,0.01761983336169309,0.5702619950090766,0.5077992783593671,-0.51305928562008
838,0.12581951601331298,-0.008870229611566511,-0.009496691690861668,0.7255932106920022,1.0714517636339422,0.9839748521093904,1.8396006760327133,-0.3522241610394123,-0.7346097281281954
839,-0.09984262007843957,0.028310112061154906,-0.003020911859688516,0.28580579170148496,0.4230827686380608,0.4879024406777852,-0.7919308030623384,1.4074086115075668,-0.1819114513491033
848,0.01284949773635019,-0.05118031204763189,-0.008953002595016043,1.176934536123713,0.1602033161579443,0.30739895385825194,0.4655976045468483,-0.7579438912655067,-0.29909164207136435
850,-0.008627956567602485,-0.026157912932066082,-0.0065599765831298755,0.4887174946833593,0.4234105667788997,0.7964700188383751,-0.1758629036416043,-0.6354141025823159,-0.6222388304751705
851,-0.1007555100579316,-0.020290744744541338,-0.007308508174621191,-0.4821095578625267,0.23581459174983696,0.2501564905184962,-0.4620323504145918,0.23799341541287736,-0.13822362253771076
852,-0.01876276147701847,0.003182628199853341,0.004566376349703357,0.8323958897774563,-0.11189261669929564,0.8819118395815787,-0.4160924343303553,0.2662179203570384,-0.15712083126822918
856,-0.21940720196371505,-0.04867986550788198,-0.01005391779074619,0.6372269226386058,-0.4714746046294948,0.03797140946526816,-0.4331071024448183,-0.8176695296807344,0.09197387092733113
858,0.04252504495012159,0.026151370742134302,0.005872687428844713,-0.4622100924879078,0.6531067729383876,0.2620928172426533,0.35727152144384405,1.2081294909675986,0.14887890620481606
859,-0.03936304747467656,0.06767452324911041,0.02104005347095604,-0.11526353680843088,-0.10982951588753327,0.12391601765849035,-0.43514024797827344,1.6996050873941273,0.5005882297195848
860,0.061663928698413924,0.039353155940989835,0.01769805210600515,0.5475350600627711,-0.1796145714938683,0.5552680376105474,-0.15219269140501626,1.743018212664351,0.7506115458322089
861,-0.02360061876855854,-0.013220970686607506,0.008765779953558143,-0.1845512803767297,-0.6905948901364714,0.040380847692947766,-0.3881680321259488,0.2916745254901737,-0.235041629581584
862,-0.06909597788761533,-0.025490263481227408,-0.00016471053640251115,0.601697153554818,0.676407729823493,-0.3239878082074123,-0.929238373308485,0.12572545693774362,-0.025108428488207515
868,-0.07341629067082728,-0.028854214066588238,-0.006203662090926562,2.2353342538918066,-1.041262217834873,1.6243997000237276,0.7559182877863304,0.6646986224481337,0.8766052165347131
869,-0.05833851542886692,-0.020367014245983386,-0.023210227240822463,1.1789950530932392,0.17172966028091338,-0.3518345095773687,0.31412618893971395,0.39119302213781,-0.4277195918626856
875,,,-0.01236059297680728,,,0.5377136118127126,,,-0.6317475464494364
876,0.03372065122225229,0.02861526258418288,-0.0065163209550260295,0.8596226389315631,0.4969458770372331,2.146463737367576,0.06494729622440246,0.8118585777567241,0.5825312163046327
877,-0.010753432410549156,0.02027281275342693,0.024027856270924068,-1.0670664716269005,0.24106885052760946,1.2865685355783056,-0.5250823923737947,1.1228860931568772,1.59807578619199
878,-0.030041835501129373,0.07750009659796142,0.03976590715544683,-0.04376664392915994,-0.16111925406994151,0.9398906302487766,-0.8939197493230039,2.04182126868352,1.0532801641232048
880,0.10928331753455646,-0.04248880300045412,-0.024769554019445455,0.29149560573164746,0.7503614708693819,1.603881357775509,1.0613586401506618,0.8824472549620104,-0.1305701300077539
881,0.06227211434422411,-0.01797503024290079,-0.009290159825702431,-1.7474974911368948,1.05300942637521,1.4426178137099015,-0.34924250169617044,-0.9706368482342238,-0.5776591546008013
882,-0.07150089748340849,-0.004118694479990704,-0.004862185211647606,1.897126815135768,-0.06236060524418286,-0.04478197288901842,-0.3435228750398152,-0.2668428943074469,-0.4622104557754319
883,0.05111346110464973,-0.03862932992065332,-0.015712937905694425,0.7663057200517089,0.9381531957950022,2.0129772066851723,0.8108249215845437,1.4186690634552817,0.18817969214125346
885,0.04057275515450859,-0.012571407675909965,0.01270045112067845,-0.011916121065796521,0.9691766898753956,0.9808708909259066,-0.3600412946710549,0.4452535512030703,0.5024591019411747
886,0.16306005913323193,0.0010882647457626726,-0.0044689004277133695,1.7734085079117574,0.2211731296637829,1.4217875797621091,1.3284391092232481,0.6616994539022159,0.3635506558855151
887,-0.14353193461174185,-0.01200845607062527,-0.016321934998969473,0.8307201915539231,0.6086550092878409,-0.4378645010972595,-0.5171236088736698,-0.31173444809194023,-0.5369479071656079
888,-0.02691644791421164,-0.03841591250980425,-0.009611628573902254,0.22059041524192446,1.3314523965433809,0.8939583620393735,-0.3026502086453226,-0.5829744750938415,-0.4477789227519722
889,-0.015051549773466844,-0.018681091971902576,0.014231629976285784,0.9401305827677622,0.3064893168594116,1.2531054691661585,-0.4232052810073065,0.5330683389014739,0.3041926174126564
890,-0.028615526874411205,0.002842349776757801,-0.002000027422361517,1.035972504928474,-0.2959955674151326,0.26414653605428945,-0.3128196651697763,0.5784790604008119,-0.3826533602164376
892,0.013851539209670955,0.019403549316383863,,-0.2226211090988684,0.4294609036486121,,-0.5529295799167079,0.1778887637253119,
893,-0.2312082442539786,0.006576789972929431,0.028060835316534537,1.7459707098650978,0.3087691779992779,0.7428320342227224,-0.10362429352739257,0.772736997061882,0.6671565796978816
895,,,0.004749238715336371,,,-0.5518422584452403,,,-1.6398481705535657
897,-0.04097226522679362,-0.011639861233961244,-0.006386583438277877,0.5923218857806505,1.6512035826691231,0.8082477869276752,-0.8312871804454285,0.2622151447651206,-0.32504502393521034
898,0.0723439502628995,0.005742415659577093,0.006984761619586593,0.2284070762004072,0.6107395490057541,0.7050085936776324,0.5124968175564526,-0.012480376684774258,-0.0531254318706971
899,-0.0521952203962876,0.06952356738823276,0.013433403599809542,0.22316639648792846,0.7390819303949866,0.8431523975692128,-0.8817340275581128,0.5885026662059181,-0.14863191780992124
900,0.07457814851094564,0.00921429222428166,-0.0032567329995913962,-1.3355996922332756,-0.5555018334376045,-0.03965691924508384,0.31984814197794226,0.3856002055136311,-0.219605428941674
901,-0.09447915336255633,0.04293404811856906,-0.02196915487425683,0.3926266708770455,0.4661367810177763,0.0657778241365652,-1.4751314255918937,1.1670608163245302,-0.7518674740214193
902,-0.03962730863234557,-0.004817125144541109,-0.0018745602754286054,0.1561458976328613,0.10380687153005168,0.31337900279380143,-0.19749017266976002,-0.04872017222512032,-0.7453336844010873
903,-0.13450118515901316,-0.008964268608841891,-0.0049617272735064215,-0.13291280534587058,0.9743705262962764,-0.19577280141433853,-0.7038542873421194,-0.019310848988951745,-0.4910536421168107
905,0.29350945621056995,-0.03390854284945173,-0.006305779141001047,0.2281384163552679,1.0381019012638892,0.4595523115455414,1.333178895522365,-0.121015684442113,-0.6203534952989471
906,-0.0156695891793118,-0.0027830330369287178,-0.009881667664113369,2.1898245171207,0.5936179490155246,0.5099004591994561,-0.3065996665773062,-0.037851382003780534,-0.2552862941831183
908,0.040248935590279575,0.13678891544613694,0.029589969344044207,0.6531884553404453,0.01150012332551323,0.5676498019829729,-0.18836748604621584,2.006106769637788,0.6568039331718647
909,-0.0771935488501013,0.030759749028146387,0.009053055414641985,0.423737648767654,0.08714825232701652,1.0140452823468156,-0.08380176222853501,0.4249671674769132,0.09922596365745212
910,0.021540212394557168,0.016621581932267843,0.0025490181761361683,0.1387484573231236,-1.0528185411162925,0.8099189699998625,-0.31599849149715303,0.2066634571860088,-0.3937612624885309
911,-0.018171368364709062,0.06265121106427339,0.0037922228311836367,-0.8230018683211364,1.0610652204980824,0.741715207041907,-0.4107427482756821,0.26146675571393696,0.08669648006394548
912,-0.09219002767663384,-0.003874083409011232,0.00446609031910726,0.4237434118320984,-1.4078431227762769,0.374141971271428,-1.5556147660950397,-0.16158563776834536,-0.28051230014364825
913,-0.07200165014301169,0.0006598171604607768,-0.0080355544324483,1.1387965974345036,0.22143496688899988,0.7082549633314839,-0.8185224875176865,0.0033130617961788372,-0.454738996576748
915,0.11179585945391868,-0.018101426841840653,-0.008078071271689444,-0.3338375007585057,0.8447505085023878,0.3734147148247576,-0.2358839538377926,-0.5111756625998652,-0.7701685995797353
916,0.040803695082572866,-0.013650297288439328,-0.003215290458067167,-0.21128330839938197,0.3799215472240637,-0.10927027893809932,0.13813721370149062,-0.1939232949449261,-0.6411306172137186
917,-0.2296905606266928,-0.006753645147508999,-0.014914205538181576,-0.31758233955522464,0.7065981506468607,0.2997935477332776,-1.921683177498008,0.44905767373239175,-0.2856931165433432
918,-0.04342925493527505,0.020653809306349302,,0.39811474106341016,-0.2922666293902704,,-0.9405172117918792,0.3416535212289303,
919,-0.08370496520796684,-0.007886043215123487,-0.007908530903810709,1.1919045421702053,0.2914140747064749,0.6500368433272805,-0.04412812595985645,1.225109756499783,-0.00479354163676674
920,-0.009745488012660342,-0.04064286110746936,0.01118920143838756,0.11820027568520584,-0.20122036119738024,-0.7063351725424353,-0.42582542449728417,-0.886728061543022,-0.8292131566966602
921,-0.007378487293677945,0.04188485279657348,0.006016122088774643,0.2029520963401164,0.16497403666788046,0.12847297314621822,0.2706248481141477,0.5652440739453846,-0.04398411420927938
922,,-0.051658775133827294,-0.007932356761207852,,0.5042482848695234,-0.4185161968368188,,-1.4103362360898226,-0.7190087761331431
923,-0.1492469089367583,-0.019255841465425333,0.009786025673971507,0.1607350704900543,1.2017759753654351,0.8312306267153821,-1.2604959977250112,0.6200629366718563,0.4936051735928049
925,0.037946183978327136,0.08228907409322438,,0.16430544804274136,1.1951567985758162,,-0.6779029663905294,1.8232960800622773,
926,0.02122444239122634,-0.03768383953722262,-0.004393108491667783,0.9791839517262844,-0.2330571562991689,1.1615066517490586,0.2786907948074059,-0.2773736589015615,0.11011200526550206
927,-0.564129785381033,-0.010090894799974695,0.004004558691835636,1.0122096469677129,0.6975359964642195,1.310654620073944,0.2362422121874121,0.3300375590599272,0.6174175857470128
928,-0.04401767334120457,0.009075972930521302,0.002563291420629729,-0.3025417938726385,0.6970521707045033,-0.13606866940377754,-0.6296187890281842,-0.01517283275270756,-0.3360902672063125
929,-0.002783351598852901,-0.03211913853546243,-0.010524518483116984,1.2645630754563173,0.13032182679084953,0.6966107218228887,-0.30831040029793955,-0.1998580203235016,-1.114565275079385
930,0.09332731625086173,0.009022634464275023,0.003575285042064821,-0.7737893104204101,0.19259123326931807,-0.11962580974157652,-0.30005215464033186,0.7855760834676758,-0.19534447564331567
931,-0.20408740987797253,-0.022809160392347733,0.005413770224778441,0.9787908360834484,1.316403299917923,0.6906696759916449,-0.054542773102861083,0.08253042649858923,0.12655901697871386
932,0.0641751598855432,0.005187764381780627,0.019739088781426502,0.2410005114436505,0.19364859628608053,-0.3178231260714329,0.0665131922692554,0.1276381581079639,0.1379752332637374
933,0.039909084896350616,0.05017748628031124,0.02113631180080396,1.9337369998012757,-0.1750804197385945,-0.16708470463488576,0.223588217257087,1.0802879125566929,0.4676103063741749
935,-0.0580371380799046,0.004738758609253545,0.010735481022521648,2.4473022534748443,0.03623295121553414,0.7294537952665716,-0.10534694755177462,1.2438682487969144,0.15536372982172944
936,0.18557521055752624,-0.024173122757820662,-0.015210472897170953,0.22011685298213687,-0.8135443956379738,-0.33533286728711004,-0.38589467794360427,-0.13124787304633234,-0.7853259621045189
937,0.12853365002793293,-0.008789457836680423,-0.0037876035701066985,-0.43944178901062897,0.43698961616822857,0.8975173689640016,0.1672243531408099,-0.16364349926673466,-0.02409016647046164
938,-0.16227204519995642,-0.0152437552479342,-0.01700332705832642,0.9707708590393042,1.6364057516795951,0.7751882143037725,-0.5915159024122407,-0.83458997163083,-0.6165788738799665
939,-0.28228639504922937,-0.027380074743557973,0.0027295219002892376,-1.1480226960625672,-0.684182159020395,-0.0300628748940467,-1.33403174978513,-0.005084679633073279,-0.11426029175998705
948,-0.06908437169794132,-0.031327906344405916,0.010612155359364332,0.02404871267548787,1.5675844166033734,1.0854645594093226,-0.3177702163027772,0.5704453778704417,0.6382497929644635
949,-0.10277077250068016,0.0825951324683795,0.011370296158991107,-0.1680711397423315,0.6477180711391343,1.1020744057971497,-1.3045247969383316,0.6473865514695657,-0.41420566791005137
950,0.08223535321049708,0.015353318176968691,-0.0043890193699564145,-0.4877018119130633,-0.5613025080843771,-0.05858007949298369,0.3973052625581021,-1.2786685883844753,-0.5043452464053614
951,0.001317655280544866,-0.007773715259869125,-0.015576013139641437,0.5431012306170442,0.07299430290068504,0.8308465793560339,-0.41561355209430256,-0.4385942538268148,-0.5566281706360688
952,-0.030082400523295708,0.06291459993254526,0.022222623597087647,-0.34264541885394245,-0.016630333885528488,0.3682383883537825,-0.6949406964245791,1.4206384775047634,0.4122819927006263
953,-0.3234613105258455,0.011309330242198748,0.017353825647791442,0.5324742168158227,0.2097402446345702,-0.19926769752406093,-0.33912020580088137,0.1670253494573012,0.0879664600975596
955,0.04846250201739944,0.02140241207825641,-0.014561886266775537,0.5756006427697379,-0.5051035703591483,-0.2334511812369921,-0.2708004363475718,0.5485419643921307,-0.7105132800346402
957,-0.06819737123764821,-0.04737731261315295,0.01852122631294108,2.0297171201381192,0.7961854744883778,0.2077635250347324,0.4128319644879399,-0.38003682383560894,-0.11885520430866205
958,-0.0258005869400946,-0.015607398418547162,-0.0165692271131284,0.005100290450321462,0.9815142583969184,1.2417254649243878,-0.10436573698489952,-0.3974444913976269,-0.8459775995637363
959,0.017885609800363772,-0.010351906676654496,0.0010812234013826104,1.0867704131521698,1.4084704104777233,1.9146654890443089,-0.00030429661248719916,-0.3597326182163331,-0.35638380432573497
960,0.055329800121450716,0.03659743835551982,0.02126139649149942,-0.07718773027315362,0.6897885417245734,0.6417703086107104,-0.3509448431682454,1.0845748081058622,0.4469410207341961
961,0.006448080865257194,-0.01686281544764486,-0.0077926712549123145,1.1705740729877177,-0.346871585292551,0.4615651158688797,-0.4787789645486487,-0.5772414423505711,-0.20745473516608728
962,-0.10231849879466973,0.022294931639689847,0.0013692631540655024,0.4194618321692389,-0.5236433399763368,0.25905035865352205,-0.463009175344814,0.26173283137994496,-0.3324265547901363
963,-0.028384933638751136,-0.01853485956177059,-0.03883971121637818,0.05912837189685378,0.1373213360720444,0.8086116713637379,-0.8139791075986467,-0.45231068461130297,-0.17128410032694974
965,0.003081642414447639,0.009718407705541023,0.024280883592818645,0.7568702892118598,-0.4853823650610341,-0.28136254536853417,-0.4204187342688828,0.4287639245434236,0.25210326429720564
966,-0.07627475707623277,-0.027770535256501524,-0.014119999529901419,-0.4355404220948645,1.3492594621764138,1.145198966696204,-1.3345317824829512,-0.2210950969386777,-0.33487095071785883
967,-0.09212445919977087,-0.06495489419213568,0.0032272781751691484,0.3897387667201741,-0.4126454756209846,0.23794000119730985,-1.5493366671807287,0.3734151920667472,0.3223202612861826
968,-0.033521534458472835,0.02636061757940084,0.003746022871491447,0.8048915529752507,-0.4204303902086983,0.5960636574227499,-0.675365376809119,0.7413637186823873,0.01407373030249688
969,0.056205391796825266,-0.05331084178491791,-0.017201377829180894,-0.4851369418888992,-0.2459046708986544,-0.3212256903746976,-0.7888166077053408,-0.5542139226558228,-0.3885087154070089
970,-0.15889322230468178,-0.0555155960095352,0.009898156662085284,-0.5566809456026405,0.06785329215544332,0.8214805183805235,-0.7515403469336884,-1.859490085978684,0.5532257075657714
971,-0.03126678009897568,-0.026065700626213058,-0.002399313790281555,0.3516405961005463,0.3807313045825249,-0.12039708002174684,-0.3762567893581273,0.04435802458698943,-0.21929518987147054
972,-0.15313526838050906,0.05945329124734626,0.0068447262145532005,0.6053060627386267,0.19878715174964492,0.7391969915693962,-1.0757290461155375,0.761811280786577,0.1702767917648785
973,0.19668522751222933,-0.06647974311843129,0.0048869000136370425,1.423447458315874,1.2812411013104499,1.6128692416264652,1.523831074535039,2.020171114786831,1.4113158257871783
975,0.09979787716341224,-0.0022087634731178013,-0.009821324819338888,1.2097951156489781,1.9325436511839598,0.2787555702910333,0.4301680374030628,1.725014955018766,-0.3387195334181081
976,-0.008763670135169141,0.005602912997960844,-0.010117474821348626,0.15785563140955844,-0.32275847430624605,-0.14452645742525758,0.15457474059978907,0.37838996374260536,-0.9755249924398888
977,-0.1398423887278351,-0.03938840588611102,-0.014397908891750038,-0.733665727925703,1.2278239218609581,1.9006720940739683,-0.29261503202132283,-0.0071229299139208314,-0.18335753173306527
978,-0.08991427859110945,-0.01944038289460174,-0.01866150676207025,0.07686410368148974,-0.6198625093043696,-0.4066434257754474,-0.9053310346803972,0.3238239357296629,-1.797962236939452
979,0.08681216995459601,0.032485477143664954,-0.008493069014671877,0.17743656621895074,0.02144673090594276,0.1214777409234012,0.45643619017787895,-0.5240301361139018,0.1031098567631121
980,-0.08434605063847292,-0.02788178337906467,0.0009825270296939838,0.9842003464087866,0.2517631124455514,0.22919613363936445,-1.3711177255572518,-0.457863069358994,-0.2802396038401935
982,-0.06350920148436985,-0.03524027735343969,0.000981915362983917,0.7403774154270595,-0.3131486356131979,0.3660950038129428,0.15218853219374548,-1.2722387490563585,-0.0566521276100008
983,0.07174741091233353,0.009640326991758085,0.0012623901113677526,-0.036939999262133864,-0.1192105507586595,0.4390309791499774,0.12330748543715958,-0.009392706547981841,-0.03067170860772532
985,-0.019578276993900467,-0.04133426504785581,-0.011665583387539586,0.8847633436264849,-0.18364743927981445,0.8411614647358309,-0.4727946244074495,-1.0158346609053683,-0.5295225684278924
987,0.008763241161448013,0.003415417315415579,-0.03358778728049578,-0.5275117346466928,0.44453051041680985,0.2955633808799317,-0.4763467459337212,0.8490757091081539,-0.8353574917448436
988,-0.006025747606889398,-0.055578148344058484,-0.01694245802791325,-1.031032306953568,1.1426095361925304,1.4472359935098855,-0.3172699759812864,0.3359270828613215,-0.03904807301860407
989,-0.08006542036132698,-0.0016800201534749846,0.012800403685593143,0.10310799538682844,-1.4732466450177442,0.05183105105949142,0.11038627078724654,0.8466053635318833,0.13087607478458016
990,-0.10844032707797607,-0.03817860672562645,-0.0018593151511368394,0.3508900286149341,1.2201527784549246,0.891132476680043,-1.0179185569026261,0.3437101471463861,0.4466776728305397
993,0.051104488123082915,-0.031085303355697293,0.009261190943733556,-0.001132249111655792,0.125899208655108,0.08779114717212468,-0.1954488137232752,-0.9085638539424408,0.1594966712181395
995,0.006731969343458252,0.004815589008445607,0.007172522638920893,-0.5344702438669985,0.06397776310919367,0.002127332035843763,-0.43987012237417056,-0.8093175294673529,-0.5512887319515262
996,-0.10407257268428016,0.01921248595532633,-0.011543391627338586,0.6143153454801842,1.5975334271973465,1.7812426539407051,0.09792739980433796,1.807801100007988,0.7849191864108079
997,-0.10354079708204868,-0.027064811487699455,-0.011836774981019895,1.1704959697190798,0.6637232903009985,2.2640905736560986,-0.27304002618541523,1.7070743074748782,0.9064782321464038
998,0.021891468539050857,0.000451087751811372,-0.015325560865969316,-0.0575188721814154,0.7946608353388931,0.9221884795626808,0.11919077628222455,0.10793196985108132,-0.06709858074799781
999,-0.03597086946501391,0.006072450497433643,0.0033558775917276983,0.4692007973654204,-0.7727259337014949,-0.013459533030277313,-0.6833614731217943,-1.82947349834864,-0.04515680245601463
1696,-0.05898755626403071,0.010610976740926129,0.011416148715989312,0.7170856727498349,-0.7862198073689844,-0.01549604840112627,0.20323709966837827,-0.26393357531375194,0.6078079311092652
1896,-0.02221167755718792,0.032071821180826444,-0.008295419183759267,-0.03845506295330225,0.03539617558051093,-0.8178150296121757,-0.1251969291413112,-0.5670792663513857,-0.8431388047925097
2001,0.017594408441254275,0.0011692774039915293,-0.025049103518000042,-0.15501319845762754,-0.40504726327175017,-0.09530268238216194,-0.3572735046308391,0.047111458868684966,-0.041238180508562164
2002,0.03932318387388314,-0.01903757261238416,-0.006920675364292219,-0.01049684933155192,-0.2041575929609329,0.5110189418459851,-0.3008044153175209,0.7947703190992246,0.17458833185468958
2003,-0.14314776993053072,0.01268478371634793,0.014876251492652894,1.2500751994367976,-0.22858627040445115,0.2171760375961362,0.09278091885997476,-0.005121374612447408,0.36244742454840295
2004,0.1327802710141952,0.02258617151994351,-0.013645172411821595,0.10961718491365832,0.3850189897877733,0.2950010260409064,-0.3241817201701017,0.1784650811389378,-0.20696544055054955
2005,0.18172990723043764,-0.039008503406665035,-0.00814888131099054,0.4298475617823656,0.5821425008717541,1.5848483943315153,0.5955297578739208,1.0295431839808578,1.3160865596419562
2006,-0.05910788128319175,0.005089979128770049,-0.0017611680441950441,2.647372778847948,-0.11568208094855448,1.3436815529484794,0.9884854046349372,0.3902035605477018,0.2653573025354851
2007,-0.11322487904795935,0.009388586050191092,-0.016299822577591043,1.6037867788964408,0.4811197722213308,0.7239167624006809,0.3223345434301576,0.1435857305525246,0.9779385795048108
2008,-0.07556891308193371,-0.04388222233375296,-0.02081281405046277,0.4371034118089481,0.2921164906458208,0.026624094279313056,-0.23023794687473906,-0.493761026119665,-1.2303514695828637
2009,-0.043750753039227284,-0.039753056539289885,-0.02585000219166968,0.5432376516239577,0.3831270645844823,0.706930252958876,-0.5341944727871256,0.3383566581420531,-0.23178421327015145
2010,0.08772645673281522,0.03098015226335069,0.010180470333157988,1.0486917186424525,0.018744694409331263,0.35853343558749395,0.6248497370481678,1.1143994279176022,0.08172011666938121
2011,-0.1957553407881528,0.015310212515592328,-0.0009631862319732057,-0.26303636845102696,-0.2425040568963969,0.004626401397859922,-1.8716196258024562,0.12149280064578455,-0.3582613234459896
2012,0.02123100190463197,-0.05371456702087149,-0.015234843640681615,1.262129227410653,0.13072675775859388,0.8376206216385436,0.4550820119894373,-0.5702372017529436,-0.45133553928638503
2013,-0.13618610579244414,0.010803533641722143,-0.0012893278594935285,0.7632241882979236,-0.6732214586792739,-0.6540624316809629,-0.9897734185867348,0.3074807768503524,-0.4433662017301827
2014,-0.03622598710023668,-0.011145979174391241,0.007898819264702626,-1.3544892598925355,1.143717191708258,0.4512919970068516,-0.9978307740938164,0.33664546666125145,0.6570117428205098
2015,0.21013792093199152,0.0196279274611687,0.0014311119260597134,0.2756389203477337,-0.2941722491674383,0.9418736079058044,0.19538353220698365,0.14387161217505862,0.2761045435367717
2016,0.08437906029545858,-0.004551967875961484,0.036221521249673316,0.03455691774855781,0.780340206769495,0.08020640672360066,-0.15625756267135008,0.3358602648499159,0.4571666010890989
2017,0.04382085369654262,-0.050866807956383764,-0.02476502151005535,1.5983651961008192,-0.02691086825077836,1.2904824895313396,1.2358348094136933,0.9717812717100134,0.7694776429862946
2018,-0.08268826086902914,0.03300706789713211,-0.01187792062781232,0.2342097380348442,-0.3366327762567031,-0.17723459110750014,-0.6503425137382696,0.014451752375113813,-0.8655022948813058
2019,-0.036084287541289166,0.007015155339621274,-0.007589046768928202,0.008427839765664814,0.5560722950957551,0.6988615045800286,-0.2453942084915101,-0.19727357608418092,-0.3263420781420889
2020,-0.04234689400335708,-0.030005462769312576,-0.001023762480484634,0.9454044430151236,1.9193302906715657,1.117428090461459,-0.28629264339783433,-0.19123419121092208,-0.32994739150287994
2021,-0.13485624967276347,0.018576716260771318,-0.0011171073941821305,-0.40824799310746857,0.2378541088104928,0.5572979338657399,-1.467644325581564,0.02709834218182077,-0.7093383464220413
2022,-0.1742898412626128,-0.024117733455572138,-0.011805908799672436,0.8489038487168378,-0.8630744910274921,-0.17347896053531875,-0.3675835504332994,-0.16321808804172175,-0.3442955493337283
2023,-0.08068291286298439,0.029433897924933,-0.0007139681801449483,0.2158296036448568,0.7032363134291171,0.238069070947364,-0.7949074376685451,-0.22468701147309764,-0.13074601485327786
2024,-0.0417239767245815,-0.027872232731168484,-0.004985687948672078,1.002646953540706,0.10348428809017912,0.1683020595109453,0.08005723432775409,0.4811071144343048,0.521411130211137
2025,-0.05895905420029275,0.01909154044909651,-0.00025918069909495675,-0.7690408575548858,-0.03973921896684453,-0.12809594783574124,-0.8182785077315557,0.8860620853263587,-0.3207456895287261
2026,-0.006760652492237868,-0.02807225974767792,0.00132385545217574,1.4417517459939395,0.6471213508561596,1.8085703752450413,-0.018255528698188226,0.5564385530318052,0.3257690412643713
2027,-0.15191160405992393,-0.02677064797782789,-0.013710979083620848,0.059578403825887985,0.20622943883418354,1.6238959094950334,-1.1340513309697675,-0.668344330286075,-0.20447503854738847
2028,-0.11949126651343685,-0.02748718697760696,-0.005097325592535536,-0.581909672521557,-0.3674471229240343,0.5762833480907489,-0.7920268570806117,0.3921408653723292,0.6653139496660156
2029,-0.0235910445831174,0.0010024063368528902,-0.021495020911467662,1.4147301269696866,-0.11583727325823613,0.03581165963763845,0.8763266800748897,-0.7637893019091491,-1.1750317063314948
2030,-0.05207808798583269,-0.02052271754444902,-0.007079466206610669,0.6305212310095726,1.2557222342962782,0.37424142499919627,0.7983736422110034,0.9087612950390916,0.07771056859561143
2031,-0.07544201532554426,0.019368447295284783,0.004131360795652496,0.3173639096329544,-0.3770408235981928,0.16109532363299012,-0.9677427920953808,0.8281246956302709,0.16083982725013174
2032,-0.221595174549007,-0.0015130015522679119,-0.006076978433466506,0.37542664364406336,0.02094274779666659,-0.15911135896543516,-1.1212782462306006,-0.5632187919079196,-0.6858237117559342
2033,-0.04952838591182723,0.008965842603559822,-0.010201485855789163,-1.0366936158753746,-0.5795298751678288,-0.6615493928973016,-1.1163011825362397,0.3417056184041197,-0.9681670731783292
2034,-0.05101752498504489,-0.01634863837936984,-0.017758568482083226,0.08272711313059407,1.035939397830372,0.8834568143278371,-0.7282510735367101,1.1253054777884146,-0.007723773504298611
2035,-0.07385073981837675,-0.026524672134052917,-0.011569957646155496,-0.853778913494987,0.3955212935312746,0.2873326892244924,-0.7617238990104473,0.6851393192615666,-0.08365700037223002
2036,0.045332442699837217,-0.013780296086857071,0.0030423811960839193,0.6688298705739891,1.43937735038468,-0.7635330971726707,0.13213188197293907,0.737567767443789,0.3735170132546939
2037,-0.041470194109837766,0.0528637008473513,0.042359476786830864,0.40454816065529736,0.261641460536219,1.1810392602805302,-0.06137581131639959,0.2134847994523972,1.2263044797865348
2038,0.039258230955513486,0.01937899911103626,-0.010197683355127257,0.4044591869484757,-0.19367867984510315,0.11643263087659632,-0.8433749993312303,-0.9235900638226848,0.7785805038993879
2039,0.02175967954560043,-0.0010547385176175614,0.02443784659586351,0.2378486674585692,0.4299015870003959,-0.032116562884913824,-0.2817598391687922,0.1566805603154833,-0.2914831694052454
2040,-0.03332336324418825,-0.019627852880988717,-0.006598131387432286,0.6574811328337121,0.4736153223651983,0.4177941977423037,-0.4650174281777019,-0.13682122939615268,-0.26214644834275913
2041,-0.09325434542950016,0.03674031817517768,-0.034798521865474774,1.0154140558427576,-0.07628644862818884,0.3708381104041514,0.09531805190253546,0.4067311800012211,-0.2706988477205225
2042,0.041464351696606325,-0.0267576847196017,0.008598256855285313,-0.23568916304106824,1.2245377387098908,1.0275681186839811,-0.8515550529585543,0.2168539983929971,0.7846009261811692
2043,0.024211862473108803,-0.03790959365655255,-0.003939000624832139,-0.3193408889003032,1.6450351567836876,2.3319339826707077,-0.1343965047270961,-0.28459451646214634,-0.4607274463752277
2044,-0.11722718576603974,0.009411871374956544,-0.017568410985192733,1.3385449259020181,0.4058922916524633,0.2467466350744529,-0.7611747481943447,0.11499826830884728,-1.2056942474454766
2045,-0.0764030791158476,0.038106847366141824,-0.008649805209296903,-0.1852639154558722,0.8039083246066203,1.122092249706172,-0.3091261110975792,1.474417132586905,0.1913016092155723
2046,-0.006528916925739592,-0.027944455871838823,-0.020077093178566832,-0.010908965400718907,1.3007668273575077,1.2694567310661415,-0.342964816577923,0.5374412342184061,-0.12055631730869965
2047,-0.021689416648755525,-0.0092598537842592,0.0007549588353775085,1.6479443332946209,0.2316669519769811,0.5400620959286688,0.5935610946369925,-0.3292952097204803,-0.42984440388637135
2048,-0.07567160224440482,-0.03975244584538738,-0.009702406155709912,0.9741248538343784,0.8366624088321449,1.1674192470454208,-1.0121484874120996,-0.34493998324520725,-0.04121708769512501
2049,-0.03386126912477397,-0.03456090317947198,-0.011733750126091685,0.9484734659866164,0.2361184993539397,0.49764137862568997,-0.32006622136777885,-0.5483093738413939,-0.6957959091588823
2050,-0.02397027926802249,-0.016156724590487892,-0.017112995739288508,1.8603785350346973,0.3225171976511093,0.710364461443832,0.4192748677512441,-0.3723061462245049,-0.0466160038054472
2051,-0.04849901517920355,-0.035172979494892856,-0.019447349396372413,0.3515532709617268,0.7758169097523706,0.6412754492122178,-0.5857980731865263,-0.3317242459596045,-0.9184263339636112
2052,-0.2412270976224265,-0.02487669344993628,-0.015393980272539024,0.6829870704302065,0.9719015439161836,0.3857137765733832,-0.9934671708143752,-0.17977321157250511,-0.1691990645201844
2053,0.019734516036907374,-0.003477736963714456,-0.059131860308107236,0.9757290113457848,0.6793542346588038,-1.97785918273132,-0.09788657116939957,0.1121198523856274,-1.4262058674062912
2054,0.032198196960008044,0.08640055099875085,0.017000804034560286,-0.05396800012932761,0.7427557543937001,1.1630535154101187,-0.4416077386626017,1.1425746353492845,0.19255879203039244
2055,-0.08116743518004296,0.03367190217433478,0.004879487179156544,1.7633895786787364,-0.010948237399870012,-0.4391860828870364,0.07448217665910235,-1.0893958060244309,-0.7992618406700268
2056,0.026261739037077653,-0.01853723698606592,-0.005442632226595287,-0.1920160938853044,0.6804554986792378,0.6823590461948753,-0.8756913005499622,0.018504696650527275,-0.07032218591874309
2057,-0.053371748477057585,-0.005236221309110277,-0.016430009751770926,0.7620480229766523,0.13084731707944222,0.19584088832022548,-0.9199718372789788,0.5420716342141785,-0.8071247312403186
2058,-0.14607551081656198,-0.01939552463837312,-0.017958706167536538,2.2595660936859585,0.019352827093789268,0.0917062324815437,-0.2765228682565685,-0.1288970272264157,-0.275039849862813
2059,0.011457669355757552,-0.029286411386731263,-0.015550538642973831,0.3042869828666797,0.5826151334128522,0.5053533952713407,0.23236920104867045,0.4096653568604819,-0.4696844130332066
2060,-0.0698025878789117,-0.02053809909598267,0.0018055891993976614,2.831505345730589,0.5934539132767773,0.4902064364664748,0.7264417571235586,-0.8136951729543176,-0.0008383635026507994
2061,0.2485140407198133,0.0236338616575946,0.010127626184635554,0.7166612666475655,-0.8320198511096676,-0.21308644706143187,0.3229911075702406,-0.6211701694055368,-0.3068066548880513
2062,-0.15979403070681966,-0.015490047332311513,0.016319804036022813,0.5144965232865547,0.32908545548079915,0.4890483588069339,-0.97372214823285,-0.6761343501688948,0.07589800912183149
2063,-0.06425062152630437,-0.005170609801457718,-0.010406121211404894,0.19003094692618208,-0.0481910924947672,0.06581490364844866,-0.4760750013900462,0.09854963640011442,0.235566946537658
2064,0.027982126544867203,0.0980553738830473,0.0077473308238586655,0.6199637254980728,0.08436766006045389,0.9929220428295588,0.6938311608520417,1.645584167817472,0.7254505434124846
2065,-0.2069480837869453,0.010275541936682729,-0.014804825908122016,-0.5939017323894964,0.2386032280505072,0.3582339977075217,-1.1401669537069672,0.42807578870945057,0.32715548009736256
2066,-0.10771129851403292,-0.023365165498795283,0.002598698394014611,0.7188072750984149,0.021807305894601992,0.07327349648715326,-0.7775781932708501,0.3247126331828468,-0.01732294949118306
2067,0.020894434720686084,-0.03015887783234672,-0.013264088152502896,-0.8251564194478357,0.42504358186156505,0.6496359648019712,-0.5411952965941917,-0.9566348437063176,-1.0088822326527394
2068,0.15428508351983666,0.10153882007727916,0.04519410946661321,0.4589569164904014,1.0091998271438667,1.5582938630903391,0.22042808256044505,0.2425761046575584,1.0540665529776052
2069,0.05776096620238064,-0.002379104060208106,-0.001743166014726261,0.9280004434237276,0.6270630072540109,0.2549772954226126,0.5572164893013916,-0.4815802014821716,-0.7522844625011169
2070,-0.06353016215616591,-0.017761085009048543,-0.02802856949601153,-0.4750114530900833,1.1648778614992568,-0.1965163818896717,-0.6023674235997732,-0.8634489123142512,-1.7475276811648772
2071,-0.12615285320390002,-0.04581728222764119,0.005592866204638015,-0.8111379878357204,0.1871581517045829,-0.08736326340382408,-0.9703223902813204,-0.5682939288628822,-0.3693720476705689
2072,0.06285356293973335,0.032744590531848784,-0.006638060582338037,0.7471191854987953,0.5614573707906468,1.6677496355563364,-0.11814107015734275,-0.5595903129911398,0.6643014250341103
2073,-0.13933204005265776,0.022366298658897832,-0.0045872844066567045,0.8387124732930531,1.1053296331148557,0.3951856166291239,-0.5765421176311868,1.6276159172694742,-0.3314676461369069
2074,-0.02270451843638737,-0.04292978492143885,-0.002238984013774285,0.10605529375329288,0.6717759802568685,1.4107056835480916,-0.34252339901570883,1.0166601888563498,1.4985957102525431
2075,,-0.006593854575421321,-0.02564341497461115,,-0.14347970175632027,0.9131213252358492,,0.08265813621678951,0.2205108569971078
2076,-0.03550548481767876,-0.013301476272404505,-0.016398282883529208,0.8630532227858649,0.8274554009529768,0.6477906544193945,-0.6146990838410824,0.3415712218855267,-0.5422323677883091
2077,-0.08063718893451513,-0.05011362838747077,-0.011838101178112138,-0.28984832805469785,0.11035632998503987,0.5389111822133897,-0.9877970522187424,0.4812803744597724,-0.16230599137260124
2078,0.2905149635373865,0.030367800538374037,-0.006375797075722793,0.11158018095528237,0.7579952112577673,0.6088340952955785,1.3952018252975154,1.0403154654908524,-0.6189972070925946
2079,0.05570657913134538,-0.007942414657068969,-0.002891895167839765,0.4468636994683495,0.9102822605635368,0.37293864923834624,-0.2370327929518826,-0.4749173824385589,-0.27623651718013925
2080,-0.0934565485899237,-0.0024243715436022386,-0.0019108002891226848,0.1933053870518458,-1.1645260978944592,-0.2907904564725109,-0.9357636424855488,-1.4183356976025818,-0.4274352831265074
2081,0.047264471993335534,-0.045027600473116686,-0.01894999402565448,0.05824236619663796,-0.16818037351755552,0.032179456613584824,0.08280726356378126,-1.2067845262074754,-0.7134337099362194
2082,-0.03371892015199418,-0.0006826714736650466,0.009539091459101569,1.6391192310059612,0.298914673101938,1.4247564092411231,-0.1552536701043141,1.2335762447225382,0.6787126879800196
2083,-0.17444943339196414,-0.03084205123587042,0.0097976903624824,0.4055293993521849,0.4212441175416449,1.0214774571639962,-0.11851271917363695,-0.2766752268909239,0.989212140944893
2084,0.021371664985040426,0.04963475180539589,0.003216636270610512,0.14549538345309326,0.2276008219201881,0.4729919448523325,-0.15761453142674206,0.16098268869760535,-0.3107866079570311
2085,-0.1092821234446372,-0.005133648098493468,-0.0180553351818202,0.995985081170726,0.5621522931399283,0.3106013895589104,-0.879093427248451,0.5674833415186594,-0.7820919430761535
2086,-0.08428298737249862,0.006491778312659945,0.011636548299504224,0.6125285659660505,1.1667587880565815,1.5304614659235334,-0.8536868426796543,1.925047197439528,0.738950923407175
2087,-0.0462157314523039,-0.014917213310470875,-0.003013514364070989,0.7413340920735729,0.2346468246955349,0.015502561110462741,-0.7999175367318291,-0.20776782428156004,-0.5658995102639066
2088,-0.10393933794454484,0.016030093426027,0.015225529329917985,-0.09661741335811724,0.02081389674060824,0.2555053657752338,-0.8046242760878347,0.20392504185810686,0.221004778521572
2089,0.02552762538783829,-0.03725126972033311,-0.015398533233211309,-0.01528076312288776,0.30104206535794154,1.1294947433355065,-0.67887355497257,-1.2182368306013347,0.16830725925314394
2090,-0.05285699526505985,-0.051257226977046426,-0.012141703788507938,1.2601543132268171,1.899433701889487,2.059160253439089,0.6708893698822611,1.3817175454345003,0.6470179001837332
2091,-0.06764186056047605,-0.06700262203222727,-0.016130863866276882,-0.5749651958056634,1.9625264089129089,0.8170600426047308,-0.5480823474149172,0.2996538259288473,0.6779457331018505
2092,0.09590884033595903,0.04216506872449771,0.016586503185690153,-0.5249080648858264,0.06282633609252754,0.09943414635459596,-0.5030755003277326,1.095353507696408,0.6156789366276909
2093,-0.1765168854585617,-0.031313825473298806,-0.016548699576965697,-0.385330974444394,-0.19470969907562533,0.648869149416869,-1.1029128993857051,-0.838158455948634,-0.4353393405134973
2094,-0.013958388678786487,-0.004091733727526753,0.02150407516175335,1.0053730671135883,1.5934863631323934,-0.4593410766775186,-0.24512941217170936,0.2668956790107516,-0.7470747482225906
2095,0.17666436212816378,-0.02321338652531411,-0.02155812804997293,0.19055151034817336,-0.01994215435190498,1.4481337743040483,-0.28817428090048824,-0.2883026825271671,0.2174004215702973
2096,-0.0008120394279728521,0.08251964308931517,0.046819801425460585,0.10611834335525054,0.8787432724747549,1.5942466321756783,-0.14533385218614264,0.8016423973672039,1.482342971584292
2097,-0.08489882625243887,-0.02597358101780007,0.004571670847484416,-0.34121754184658803,1.1862029747045375,2.4603653651475708,-0.6929367317837063,-0.5135611207836975,1.0530242128298988
2098,-0.04622903514814922,-0.03586671057391914,-0.012676936715946076,0.6451336943808348,0.16549257942137324,0.4845655514143132,-0.7688165499207229,-0.1068449135083296,-0.6355436717342541
2099,-0.06723468379991925,-0.04614816273475512,-0.021982585154994086,0.3597928023524749,0.5871309727063304,0.6588502195617448,-0.7015127720637722,-0.7574255669761708,-0.659771201921325
2100,-0.2980499439656168,-0.0041115242352682616,-0.009399174243757587,0.2673932423432825,-1.5252777874146208,0.7121384037943261,-0.6924711818329663,0.4668578060390917,0.19140318350129126
2101,0.0015308501056425505,0.014424995529045215,-0.0026652814013256466,1.6124981939221037,-1.5307811367073776,0.10438926162049912,0.6696536925109138,-0.2762054243392356,-0.5408220034468685
2102,-0.18008607799778487,-0.03779966717528711,-0.014781607694352874,0.1960363153014784,0.7233534210530113,1.1192862125933958,-0.11671178163442378,-0.5421926755559289,0.05673587323483487
2103,-0.015847980956545438,-0.013213635249767243,-0.008216623273907892,0.4421641440907559,-0.07751664288249377,-0.5152434952714373,-0.4164525721536356,-0.2913186346439882,-0.9156720856007892
2104,-0.21964124213359448,-0.048340953422608635,-0.02544368118049301,1.0604239830962825,0.7932040080055949,0.6860418321868349,0.2591282261738247,1.0991100205929567,0.1538195267379828
2105,-0.02897854075432665,-0.02498818508012495,-0.006039897151365008,0.4627665237728385,0.6391254863628214,0.7451457222843701,-0.5529145707109472,0.1401837137127812,-0.5654238359160847
2106,-0.06448359346417834,-0.009617002830791834,-0.01731391008652089,0.5150784001184515,0.16331386289599648,-0.21505237862209292,-0.13193790788944182,-0.5085721293992395,-0.3330982140574084
2107,0.02112281957541405,0.043506862412415255,0.005573670884382096,0.035970102493602336,0.7151606750065163,1.4587113304570811,-0.8382765282097935,1.5137182418613249,0.4241027586028857
2108,-0.17180381341598167,0.01802689718482948,-0.0020021749248154653,0.7423373290696664,0.17214255977073384,1.131863657200989,0.32138211744784045,0.24010552167246865,0.004893702037593098
2109,0.012054756293530077,0.014803957420673747,0.0156576464830721,-1.2276177302640472,-0.4900338649809505,-0.5087491510244307,-0.5814696536710542,0.4614235963542652,0.044052948089510886
2110,0.1343207807060983,-0.02196282593959594,-0.005321721738298899,0.9494429342948979,0.4627587501883797,1.3290069946086018,0.8800270561581006,-0.5054097820447176,-0.2670064316939516
2111,-0.11141466118477784,-0.0226489499743874,0.008497700847406609,2.463574559610497,1.1997079902392451,0.3514362005022418,-0.10802896696817604,0.8477012161339975,0.746261863671986
2112,-0.0653696263755996,0.029263053485857837,9.965275245767039e-05,0.3093613186486552,0.8614770723364119,1.4326323654472282,-0.7333120961536185,0.15474057304356706,0.9730711302873396
2113,-1.1911826097805511,-0.030416863228473305,-0.011948625087793813,0.8214810261676,0.6686371125214724,0.9403907820306784,0.5710711436111598,-0.1657917124774776,-0.6369521833242733
2114,-0.041628106434632856,-0.013941720660881935,-0.03636086625136367,0.5027895614128687,1.075086095116374,1.9052012329781924,-0.8991329985886491,-0.5489827746314272,0.5190492645489818
2115,-0.13808092441516928,0.0012732806850398268,-0.016192793662437806,-0.2039842088895402,-0.06730842879188484,0.3897652129631947,-0.7144809871963109,-0.13891607377448684,0.1626946319429622
2116,-0.11646410140958345,0.030248081643721364,0.0042880577130552135,1.003916101695235,0.20854636693050052,0.19869214156554232,-0.15461031284946014,-0.4569566816777412,-0.4379459799101877
2117,-0.25500049138287445,0.026738928051286085,-0.010053339737471807,0.5347358374621299,0.28790817247263273,0.7081994668598832,-0.7970106191602301,0.370565664750838,-0.2855892637693862
2118,-0.2431624974895591,-0.016839240823743086,-0.007181707494270089,0.2431995809691831,0.5976513092664519,0.32422799563951715,-0.31535496797765444,0.1362892498594062,-0.05170439613939546
2119,-0.019342972258831158,-0.046009255850627186,-0.020266508780848968,0.12266835496648355,0.5314247947872051,0.7649738237768158,0.24079507648591955,-0.3026520638785846,-0.4517237025182502
2120,-0.20476564952632306,-0.02042012602453924,-0.011003470207595685,2.38865604938404,0.4987291800984695,1.013180038690422,-0.00852243626427867,0.13017171832334748,-0.5416462124791603
2121,-0.14419099939268182,-0.021997965073246445,0.004727888055497474,-0.13823718896897974,0.3588010225836621,1.8364362822390976,-1.0914320051894186,0.3615362005708835,1.4588505766869675
2122,0.10605432167036084,0.0006590731745187183,0.017743191193767868,0.7012570696198323,-0.2482159004096544,0.6710593194238215,0.3012926118542196,-0.19338204494014904,0.03916827822430722
2123,-0.05345553332504237,-0.020626646699292785,-0.008315918071575302,-1.1733835560430377,-0.9067409559785878,-0.07100128347602043,-0.6246010426935171,-0.6458628155325309,-0.2457311923306923
2124,-0.18026549517852147,-0.025955682667874114,0.0017227100475174278,1.8742065440811808,0.8984548173988229,1.2966751089669013,-0.7228143659885663,0.4581310244381178,0.4585303266134633
2125,-0.07754125635679902,0.034827187985148195,0.014200254150831485,0.8687133492710074,-0.15223699518271608,0.05501297383684515,-0.8636509574941713,1.0539251859341756,0.0589507037372061
2126,-0.038358681085783435,-0.03627652238562614,-0.008190359650853686,-0.12849179600927216,1.305308485122555,1.9602691153105416,-0.6993951518626699,0.7956066425822134,0.2035886246777052
2127,-0.08560999949863432,-0.011307095738422404,-0.013057168499249854,1.2304567345333426,0.6052471445933217,0.32142656989466384,-0.3946488333902741,0.9426274830522864,-0.1057526055169636
2128,0.047438456215729036,-0.021812933669082008,-0.02415878550984514,0.07940436781379949,1.1080272274792289,2.220645956929793,0.2999263259763704,-0.9341331877806354,0.03492733525224244
2129,0.13333808380433976,-0.060518854290444485,0.0007780595844361048,-0.4153126283713627,-0.454247543983767,-0.0223328803810022,-0.4392908111949104,-0.9777098626913842,0.38767900292379615
2130,-0.09685597142142027,-0.025875937769611567,0.013229307752116186,0.714137820425971,1.4924624891556697,0.9615099040479824,-0.38502234992969214,0.3494308328071567,0.6563333066406479
2131,0.049865775526329134,0.010141123998257734,-0.017747550512669963,-0.019949569898323714,0.22036664385874336,-0.2859344248491664,-0.1304917633303072,0.6097696620364939,-0.6511734891930584
2132,0.07821379515098288,0.028699876298534224,-0.00031987392047429404,0.6422653520361666,-0.1311635675568142,1.665487147069583,-0.02968322033151875,0.7957877722723589,0.05888175747095459
2133,0.09372443287651233,-0.010412150936655571,0.0062938369706882396,-0.5789099856124253,0.04516657981825506,0.5358291283063149,0.1823314872514689,-0.12753942498279547,-0.1163830045475584
2134,-0.09714430046593643,-0.033556778899423975,-0.006745611324553603,0.9979152832111814,0.8537002907223956,0.4873653554424184,-0.9761372783372964,-0.3653126375365085,-0.4227164686335929
2135,-0.041171110788462584,-0.014619187443339425,-0.0011306310676623547,0.10588490709926156,1.4651689833352572,1.559646008616651,-0.461064846730065,0.22246186017457234,-0.023464606346579545
2136,0.28892027601551673,-0.009461128279234293,-0.016741513788455956,0.26087373428594457,0.8222546298451943,1.0503723336926425,0.6974320763457953,0.21463369033590649,0.1781225990763081
2137,-0.2227264898798136,-0.02403224385560806,-0.000315257160818639,1.5738285821344509,0.6802491272876383,0.5543525936551669,-0.4232095719536925,0.3423980248059062,-0.008773958412868049
2138,0.010469456525092326,-0.022351198458139588,-0.026131587168406842,0.27205114127204,1.2663251909456317,0.3159626897975228,0.07434292628864721,-0.3171863746424905,-0.390229870773486
2139,0.03721980148486589,-0.032474118713808016,-0.0011006872455937844,-0.1611938731184209,1.1546125044530806,0.5107145392196949,-0.4937470876080724,-0.146442200199046,0.013825101553580185
2140,0.016880027180532636,-0.04846246829208135,-0.020320194162266717,0.4123075501872979,0.6885460430761976,0.19549517900170774,0.01943331661319319,-0.21906845613615367,-0.1106197589530579
2141,,-0.010165215900189277,-0.015892519761352232,,0.643963674580162,-0.2737427335039363,,-1.0436502379797354,-1.150051829416983
2142,0.13784653371098302,-0.0404654755973714,-0.0063782290944840465,0.8757083380804496,1.009658748718985,0.8181460542995507,1.2275791571704815,0.09325341264985004,0.05651745544985156
2143,-0.20473753111978893,0.019646672633312826,-0.020882689720278087,-0.23836991996017445,-0.2962668035420412,1.4003929615673996,-1.7688747021941689,-1.6593812571690982,-0.07418029687418484
2144,-0.0623557678179647,-0.033494395319851385,0.0014400585646534099,0.8366136320321059,0.4418615850384561,0.43296818477995386,-0.2006839523050732,-0.6691334066724823,-0.4171063444543056
2145,-0.1667929258288048,-0.05439195761748319,0.01590043607436072,0.04616022329064598,0.6185980820606258,0.6504027423988141,0.2467172196833181,0.4126243909649622,0.3477165221065032
2146,-0.02624826182482168,-0.02115946172013072,0.006118661872002461,-0.3374230188354789,-0.5220644945278989,-0.11320008799834012,-0.18043477165708613,-0.6061769955990177,-0.0038768088862680093
2147,-0.13540735281132404,-0.026819819981526258,-0.007318895507203113,0.5316195613653227,0.08609644096282816,0.2552135364041498,-1.0469621914452212,0.02079240057347052,-0.27626110673019555
2148,-0.06926368994489986,0.023334470294186137,-0.009423038715067306,-1.0161455492318692,-0.6003508005456394,0.8244609899759621,-0.6337418070676516,1.0823938964178292,-0.2549083263029987
2149,-0.22189151755340197,0.03382077504285522,-0.009884653694230316,1.2466547586975159,-0.5573102254284187,-0.06264324625872375,-0.12373517199067136,1.0687278129979327,-0.5000778897732637
2150,-0.1126047600776892,-0.03229729671453837,-0.013705109766147054,0.6010984199805154,0.00190358190380588,0.7540050315863993,-0.6756790934502158,-0.778369558881173,-0.6699439762218087
2151,-0.09483106444579972,-0.02898181367337642,-0.0047847771459503035,0.8572435483023909,0.4067933029046584,0.3095586388368151,-0.8816382942720089,-1.1308075951925562,0.4956349106265258
2152,0.050041276068165726,-0.004789430991364717,-0.016439578516224518,-0.023942712781876027,-0.7470549228283722,0.762397216807432,0.06505635172424737,-0.4393157994603743,1.2912204533371705
2153,0.02241516210952024,-0.017739014848069248,-0.013894202245301092,-0.3848210321253875,0.7825615522984621,0.5067013377452051,0.02673397489203457,-0.7306721100865039,-0.34449563792939125
2154,-0.15014423523035336,0.001445471598310731,-0.012045371745377594,0.7849686037029289,-0.8403612157858125,-0.35224723080628423,-0.5741032172980652,-0.029415181031521145,-0.18420649549425008
2155,-0.027539898262624568,0.021669858920685032,0.019065071036296042,0.4016271945914817,1.0373220868481745,0.5931237917531084,-0.5566221383361784,0.4281410602652231,0.42187744796020976
2156,0.025288905265632045,-0.029629504772481326,-0.017959086337481396,0.4695201808404308,-0.5543037221960728,0.7117388784726455,0.07917905853263094,-0.7608911710724432,-1.1021871981193525
2157,-0.033432160800020205,-0.00722652953585075,-0.003235239638690197,0.8500947361322486,0.10260488030172864,0.9072602917173299,-0.3615828198957912,0.4822454088441584,-0.3909982578753008
2158,-0.05107234428276811,-0.04039599424418771,-0.01959237401603175,-0.6182023510016296,-0.6122464727747305,0.13398126814977368,-0.5323213459802181,-0.5939152881643914,-0.2105743142225822
2159,-0.12625973687950295,-0.024533042244155475,-0.01812581822773739,-0.2519409283814558,-1.0990665750404536,0.38098728983477465,-0.5637346075545696,0.42374875889802577,-0.6518045133540865
2160,-0.11291081819833301,0.02824290910828917,0.012017010682908405,0.08534567448645836,0.6903514008972383,0.9379639392397184,-1.2064260983979729,1.0822681098442606,-0.012483422320951593
2161,-0.09793836271296548,-0.022130091938516748,0.018721558842892262,1.1569191647169823,0.6904630835484213,0.8261012727448827,-0.4400635157104181,0.9284603695310276,0.5326876041972557
2162,-0.08976255123077817,0.023571043109928684,0.01694405850869423,0.6604951768810968,1.062861599236662,1.1871186816864114,-0.32513111579014103,1.0677424762061671,0.6917660829113924
2163,0.10579618388409837,-0.03578007997432118,-0.0030108808123231225,0.11659508759866533,0.030763989292788008,0.3379307616738849,0.2562087426723777,-1.2126058424298594,-0.04108472897835616
2164,-0.1116876832164638,-0.02114076790236634,0.007238962227468611,-0.5543525364825712,-0.11216076321279954,0.6774594408529858,0.4298925155196345,-0.7116648869983929,-0.3703112631196545
2165,-0.1560952570357041,0.023541225144684333,0.0209471280331803,0.4155595126342816,-0.8532099183267273,1.9451144000281075,-0.2753258061554301,-0.29520267725920984,-0.6277869748109726
2166,0.06706728852627941,0.05727471868740629,-0.00041386061266084767,0.2975096716769645,-0.5180038083129151,0.5530791724952319,0.11777169399944212,0.9554492825879156,0.15225428898982676
2167,-0.15620205585766506,-0.012719365097302092,-0.009544240421179677,0.5436591669010412,0.1165687750598288,0.4288925921638345,0.22227836844039472,-0.17975058198644475,0.15453794579613445
2168,-0.04069300179280464,-0.015033741071073456,0.010800690404986692,0.576866249518084,0.6332854093888909,1.1087864292140897,-0.7050351312373897,1.725274454302758,0.9094928461376376
2169,-0.238937332889184,-0.019554882190025352,0.017548262063585174,0.9231126141695748,0.9516987050771796,0.6887092724579557,-0.031567862024797014,0.26714448623199616,0.9303917064646672
2170,-0.11818573167643268,-0.006929362648614827,0.008684280934134382,2.221495998310312,-0.4534167255170335,-0.7438985277117091,0.4910985586575722,-0.15860371021178538,-0.2349203685329274
2171,-0.1256527673852938,0.0204787064137604,0.012732800039273113,0.6021692437369425,-0.2995279182121081,0.4225178025811761,-1.308129340311157,0.9102644002426048,0.2980304156339766
2172,-0.010181908300997466,0.102306283682711,0.0066353429617492035,0.534411297521599,0.3330958943374398,1.2621550337174898,-0.02573932689501823,1.6710162082312898,0.4625019087761871
2173,0.0692825790917262,-0.0008437963376154906,-0.007380731902514002,-0.14081286495915324,0.4764438340815728,0.3560997314056661,-0.700889003940825,0.8834705432740084,0.06486506366217884
2174,-0.020419338866717027,0.02450099676529056,0.007684945390874609,-0.15726409885334738,-0.4672028918616858,-0.22306880872174745,-0.7815721934794713,-0.1406267122750737,-0.6549813795672862
2175,-0.07596916671818972,0.00022803982813677246,-0.006012460007234497,0.7385453782663491,-0.39258986377724997,0.028888942694360962,-0.6532787740419068,-0.11865519877673945,-0.6138466747890169
2176,0.17768266770339206,-0.028198914888087432,-0.005279572397147624,0.4949004562690816,1.3576441198376574,1.195276123440684,-1.1132179820809658,-0.5449089547588984,-1.0755906497290768
2177,-0.09850138658613744,0.027402685568654724,0.011773912418411043,0.6381429671768707,0.6561577030338323,0.8805473007148444,-0.6253328606738346,0.9678619733619752,0.10577464649057496
2178,-0.15735132974018512,-0.031656068581761794,-0.0005471561937051388,0.3762151306888067,1.0017313953505125,1.0069037879996523,-0.6162378558726223,-0.2834299687124353,0.1320693539204156
2179,-0.13087444068836196,0.0211552465430394,0.013661754344289873,1.3171796680471448,1.0137265189664697,1.1495577149380645,-0.19432217549667685,1.2224762874807076,0.8563859666172152
2180,-0.18687136368239726,-0.014706311019083318,0.007984822065902291,0.5837091280621569,0.34672431841156964,0.8590392723002255,-0.5026684030380573,0.07742636048606273,-0.1433390983942446
2181,,-0.018850419175323815,-0.01319440820587872,,0.033436939255121145,0.8098185129796727,,-0.7014319750402337,-0.5056208240127373
2182,-0.05263760613026472,0.01871394246307321,-0.0004618757295047728,1.4292390460807936,0.2461986233318093,0.5271935513655767,-0.3451694352999601,0.6245286707599284,-0.4632572723247502
2183,0.2410800858710081,-0.008397875459467056,0.00788399525757921,0.4006713744086331,0.4493692770272222,0.6644068920786589,0.17963564681572305,-0.37224963865817823,-0.6770281609587113
2184,-0.018820733497384282,-0.031040016315731306,-0.023255425276988352,-0.024934422300005973,1.560771510780335,0.575036600704288,-0.216973644712816,-0.6016211696250707,-1.2555576212444608
2185,-0.1396166922185324,-0.046654788696965835,0.0005293019068042941,0.08091411918384679,0.5166949999627414,0.7473875169907609,-0.9798358978443066,-0.16010032660178294,-0.13478031777153254
2186,-0.0412029874603642,0.010643509825113018,-0.015908106209085414,1.1334024867102823,-0.18955280396130028,-0.15815988908935227,0.009312536672506764,0.666879152365471,-1.1595152581288692
2187,-0.08434905998622436,-0.01570900562202165,-0.028725219240442294,0.5145320617304552,-0.08083201337536376,-0.5114372231867101,-1.0312447702840208,0.2397675721642481,-0.917084685756601
2188,-0.1045528931278682,-0.015966186308243976,0.010576091317032115,1.261700110641107,-0.396417435565196,-0.1059206116709828,-0.1750857661952465,-0.5297373903315502,-0.16200131536951662
2189,-0.07656313481871482,-0.040277217394337365,-0.01695677982380077,0.09894358536931527,0.6377225373479335,0.5425315789406443,-0.6838128394239986,-0.04690428241326574,-0.56003573583808
2190,-0.4258930146064169,0.015318461577925394,-0.004938857149429755,1.554908637873298,-0.4984414364766942,1.202426158094504,0.8552766761264701,-0.032999937822891026,-0.3997908299631636
2191,0.16103245898901053,-0.009184669961473164,-0.0011828287792448851,-0.915230145056657,-0.1747556660480903,0.6685118575291704,-0.2481372920618284,0.37868822650561457,0.4443232395333901
2192,-0.05816908272758309,0.020880708944741345,-0.015125342355041904,0.8011917263365276,1.6205095687330329,0.9180106420153978,0.5283351719100909,1.0914107236565944,0.32569517170567697
2193,-0.09903541134957346,-0.029543927438905656,-0.02131621634771256,0.08835774113335007,0.5555720900365171,1.2587332613732571,-0.2973296387832103,0.04380756101458801,-0.2737232276571023
2194,-0.06904770968654872,-0.022116237446230542,-0.0008650660808734316,-0.5160560068603165,1.296999699037472,0.35249090350238466,-0.577522860052473,0.06172746969077934,-0.2502579066375928
2195,-0.12597082047307906,-0.019738972539643185,-0.0037561951739861813,-0.7246586424829046,0.12632919332379688,1.3502242206361774,0.09679632563330988,-0.9508303928536664,-0.07462992239122235
2196,0.01053943518133979,0.05200883170699852,0.00826833245310772,0.8337444360280643,-0.5148459893827185,1.0654190141218536,0.9391597883622008,1.6693709298647903,0.3111194905833792
2197,0.04919910154194687,-0.01716691524100405,0.01356842507416647,0.7754059942054707,0.8617913247455241,0.939689899474024,0.7058210492076614,0.2424722201436247,0.6308875881824892
2198,-0.02846933536092125,0.01942618720489244,0.0032976527120062004,1.2444028283145574,-0.7249070201314273,-0.2719361187702039,0.3002875952041091,-0.7200578718200963,-0.7666570902907481
2199,-0.3592338762385222,0.04257808730411276,-0.011158239621757708,0.2702219667197718,-0.3681698242981589,0.2478841247576822,-0.014070663026807416,0.1190591423463386,0.169548369657742
2200,0.02028810475249439,0.03926223024224987,0.001385379031480367,1.0708890013601131,-0.835940304564486,0.5413043074876097,0.3536898461843357,0.20761644573966365,-0.2326788942316355
2201,-0.030437592407639106,0.0320634280953695,0.02815808345188135,0.2725952247775178,0.017607156417762733,0.1716778890200946,-0.5963493886551678,0.4961039768476757,0.2145944369155564
2202,-0.06682264761678766,-0.010893104040706212,-0.0006817618217875984,-0.17526288436405527,-0.27256538520353524,-0.5525552842018213,-1.1643538921081495,-1.63319093996068,-0.4809160686599167
2203,-0.010907336243082072,-0.025167688513277192,-0.005519158292411406,1.1039895322065751,0.0056205681508024,0.88980945549257,-0.15207469155588954,-0.5630314895571674,-0.6028196795963064
2204,0.00995066176987612,-0.027857695786991547,0.004833192679533849,-0.2229337119915916,0.7737433881640631,-0.05822149358920173,-0.3424187294540113,-0.5367087474866173,0.3347791369167496
2205,2.191210865495896e-05,0.00199488543588899,0.015468654682790737,-0.6504136967073034,-0.04938234318346467,0.6512896622091779,-0.7235968888872447,0.5043050046683344,0.37479247967664736
2206,0.1434345138507116,0.01081805627920338,0.014393350765756622,1.4080499081201558,-0.5517602768822328,-0.6043881506914253,0.8376787534228012,0.3211580086892105,0.10250779458149076
2207,-0.0907313983056986,-0.05879760248246076,-0.03151451535976282,1.1254730650828482,0.3866292401809102,1.5468634390688183,0.5842219029842943,-0.5842826138411008,0.5798653913770878
2208,0.11425776700837288,-0.02254901477915273,0.0013778484141149724,-0.1018353888550984,0.5852042565260003,0.8024615808639392,0.26664055286334115,-0.22168558178838108,-0.3694932208845358
2209,-0.062308969705782265,-0.00678941331252077,0.016540196732998818,-0.011280315306484785,0.01931433674161884,0.6629943066171218,0.17095125028927752,-0.09072240276695373,-0.6282005374233642
2210,-0.03670643188753338,-0.015758628111731218,-0.01642113300180711,0.6595183515995708,0.400194705115633,0.3765374465081127,0.0925802333520928,-0.20581786420626336,-0.5706218981621752
2211,-0.14414355923330202,-0.013409093377878005,-0.01000189812831065,-0.3426976654011183,0.8356283247009176,0.910118057880216,-1.1117397508346745,-0.29768658951483445,-0.6841191993364453
2212,0.06470187684006541,-0.0267215045426911,0.009931659823460046,0.28908445771689817,-0.5154487250882437,-0.19250938060453932,0.8176819164910057,-1.0256915818990873,0.31609271475574724
2213,-0.1606984079333985,-0.033358313360255056,-0.01185556079359855,0.7655971571145899,0.8840062272824072,0.5675339026113004,0.13421463839637607,-0.30624855677991525,-0.5645647223728191
2214,0.04245744033013471,-0.017823529985506726,-0.013593383684270056,-0.2720081866307371,1.0350632247305631,1.4081152141612077,0.1952592462961782,-0.08208650277627366,0.6963292130289253
2215,-0.18411918760136087,0.03322266600698257,-0.0058878108867693926,0.9019678230462204,-0.1897189019249486,-0.02309869114838128,0.01978921032544706,-1.1345374938124768,-0.42201632036071546
2216,-0.0014245600931092474,-0.022671983348459903,-0.009090381055595776,0.320790365690208,0.14592171745986404,0.15740232002492202,0.6067168018854181,-0.3574321009577317,-0.27751936284953865
2217,-0.09073715357306834,-0.0020461228792051428,0.0018588717268855626,0.4540254933843996,0.2554912924510569,0.9617300212583528,-0.8612360213221257,1.0796471933615457,0.3379164595271603
2218,0.04471106620189128,-0.02331877097872683,-0.008211595256086638,1.6368022240239402,0.17376684909751605,0.7921056040507322,1.0439668848441084,-1.0428506885872917,0.35989214267303643
2219,-0.06942511122331141,0.07035895324161373,0.005092758125528864,-0.3151316742185281,1.3422816621234948,0.9135901668909976,-0.9259713106049424,-0.06734815618435135,0.8708797573531244
2220,0.0212352148407403,-0.05140193659908104,-0.02135819411981172,0.4613730175595376,0.14265522384543258,0.4601304336289256,0.2786247791918361,-0.32026318901510475,0.2942795260495498
2221,-0.1029457521184536,-0.02646967660371359,-0.002106538681753537,0.9376744968497563,0.5801023876653525,0.4922302898390897,-0.726994291633291,0.14256217245386338,-0.23907846973867225
2222,-0.07670233328913016,-0.012901762646690866,-0.0044732975450285355,-0.2333467749477857,0.6182818111081501,1.4424686648264418,-0.8942791107439269,-0.30479595083760186,-0.4934876790094387
2223,-0.0945317139614761,-0.0286802938502621,-0.010933882554201172,-0.15026758185777048,1.0248446160412892,0.3850823369159714,-0.9334837811367946,0.5108983941824857,0.39657849029583175
2224,-0.05914765383358779,0.028773977781475907,0.0016492699673629743,0.2381207553288436,0.6749222704755257,0.2234221835088432,-0.6575973265542789,0.046270647732826915,-0.4513752969835797
2225,-0.13687124436138276,-5.490978230250978e-05,-0.006978862265529181,0.0525642297687664,0.12157691477287495,0.027593083411470026,-0.9521507799199512,-0.6907699315941435,-0.8194098572260626
2226,-0.04408236295296835,-0.023895366299673232,0.010373155025001784,0.4775793538024825,0.4697932979224755,0.7969186867420753,0.7305086696593995,0.21614237770448247,0.4961032306102136
2227,-0.1174393062721132,-0.05239515701103506,0.00901956838108835,1.3650727669657865,1.2813549158738309,0.8724294042406265,1.3757049046685217,0.6913609116962107,0.5688400556944764
2228,-0.21266920052190028,0.0109696339924414,0.006575924370783283,0.2784287051699489,0.6787711130601713,0.4915440313961905,-0.9647327394515028,0.2616013669488591,0.20381257790239826
2229,-0.127524642018854,0.09338150580239106,0.014610646287223084,1.5324677272817908,0.5817433316846583,1.2661788703513313,0.2788619245666857,1.4256710058097133,0.2198307323112854
2230,0.019740308582966985,0.07302727660167105,0.03664703517899141,-0.4523077475413181,0.5637699086109171,1.549226393766174,-0.5729021376705623,2.591238418770456,1.9202052301037515
2231,-0.2549452507815803,-0.04243305875350895,-0.018638324591579686,0.28240893330498457,0.8540727840877824,1.0392578984524763,0.34675774452027913,0.5634378713234746,-0.013019734297213629
2232,-0.15552898685681804,-0.0160881623981612,0.014679332328524596,0.013615582569313668,0.30667628791258833,0.7769063812366251,0.06365762420764096,-0.7019690005094501,0.23654828877154244
2233,-0.07292767365802423,-0.008726041185211326,0.018117492698774777,0.2170356397985889,-0.6500887070576439,1.86177178913982,0.3942640282356609,-0.2329852365506672,0.4718812275294778
2234,0.020761240655923108,0.00509439563166625,0.0003658168975081144,1.6804445989429582,0.4066839623856139,0.23536802276171964,-0.1389875527234767,0.3871408061614299,0.14989781088696288
2235,-0.05384397731857312,-0.006990104139164769,9.772331486910224e-05,1.8276866829796985,-0.3687971530433061,0.07373662325294594,0.6119371137771713,0.4514558519070473,0.1809823381204925
2236,-0.11725281375801365,-0.027691784009568864,-0.010705514667452329,0.02708026969034712,0.27646368441162483,0.5610263476651649,-0.036062277179944584,0.2303840789281537,0.6197192240474003
2237,-0.1556433039756807,-0.008103583896925195,0.004261394903052961,1.08352924976811,-0.6478264775234888,1.3892137688620534,-1.5573191145880485,-0.3220874940681755,1.1071810866908267
2238,-0.22542408177753825,-0.00924569103913804,0.00483887389807975,1.0085135469893654,0.5748097103359829,0.3747045360153588,-1.193088057372734,0.09473579708369853,0.1848466641365296
2239,0.062275324362778536,-0.02174580456014624,-0.003750783253111747,0.5052414157470176,1.0115523275562155,0.9407113029959172,0.4268658151643657,0.7404414153728491,-0.004281030075309784
2240,-0.005227744332842232,-0.003004285588266825,-0.0012715983606090154,0.6837779589624722,0.5827488431938347,0.9753029321350716,-0.32157283661574937,-0.10152989076876856,-0.5724973748159972
2241,-0.08889110655261184,0.011525939599635614,-0.010003523650124331,-0.6746156026808475,-0.032689859439116814,0.5649228566683254,-0.002421475087309294,1.1913084473633426,0.2585835688037761
2242,-0.07222627493569228,0.005593230940657714,0.009128711596632356,1.006911753472495,-1.4469599931451826,-0.10965649102638332,0.5427924031583449,-1.3180506473659013,-0.9706093430422972
2243,-0.2177380709670284,0.036539016152340974,0.0022004533580651502,1.1223935724157603,0.0459822346459525,1.017250052517387,0.15465048862492647,0.17496223857754806,0.008999229417803725
2244,-0.05294323732728806,-0.025512601233444773,0.022883168759891936,0.14546115185304342,0.29803269276441396,1.8484208255567247,-0.8704859304329086,-0.1582735027763157,0.4223248544409195
2245,-0.1452095169530932,-0.02642360601652601,-0.01901432284215664,1.5429163667964634,0.5381402098423541,0.577869434190938,-0.6104329757146137,-0.5725856740817254,-0.14261266167719722
2246,-0.09137678235754132,0.04095791426051547,0.007128536164216302,0.5029891038781149,-0.7134241107802558,1.6515974586270157,-0.8144973746633075,0.5363248710269418,0.2109696257088071
2247,-0.06791871641299699,0.003498670101009606,-0.013667813854254779,0.8440892794807254,-0.25524177547031685,0.7839531250159708,0.4406455633431238,0.04032266401835997,-0.120628718534115
2248,-0.16045876189665542,0.01417551985743001,0.0015570005094125705,0.9769155350628792,0.6645918511200717,0.009020406124871346,-0.7806912130161308,0.2305035180545645,0.27709620730058576
2249,-0.06839463866421489,-0.0149421874662715,-0.003238216469013893,0.388735462000898,-0.4264648340993473,1.0341248050812597,0.09541719892907764,-0.6831258169099588,0.5724292472541199
2250,-0.03253642743172541,-0.017230336731348418,-0.009812429411331435,0.9290990970066472,0.6105273846950822,0.5428827914229665,-0.16252288061762818,-0.5138292173412969,-0.35445572777522266
2251,-0.08734687135575901,-0.01885038946027946,-0.02275679602232232,1.5562802993602831,0.23677956682455736,0.1713509235052431,1.1391251306018195,-0.5564976512941052,-0.25120925813571804
2252,-0.16361588332489485,-0.02431693752212806,-0.009599274747328652,0.3757973319537202,0.3227123719047713,-0.04222404521932227,-1.0494894454915114,0.3811166790426012,-0.1496110238860761
2253,-0.01140588613734417,-0.0051526767509011825,-0.002752495339966277,0.826349776771383,0.5169162342351712,1.420558783020242,0.5899923439067146,0.006451908802226639,1.4455222199780335
2254,-0.053435848274295206,0.011168345668057569,-0.011980803465272293,0.1860079723253312,1.0964601851623186,0.8042613217988187,0.05721561803048272,1.2757139578785357,0.2509148244875489
2255,-0.1107191640146955,0.004357569293193361,0.007301651460779192,-0.4975097129667171,0.4758957276577028,0.2696705775816892,-0.45090243094054,0.08884650413115244,-0.09092545876595398
2256,-0.0785631257792582,-0.017164102281529127,-0.006128541842486306,1.4951646718633802,0.7519858293174011,0.4232570648346005,-0.21665106114025426,-0.3958567366204254,0.07376227571648808
2258,0.0059453628336063324,0.04413406062564226,0.00748033021661436,1.2769268294010998,0.5671456782618897,1.129968764672613,1.1107678968065635,1.0369511468774166,0.44492738597343545
2259,0.06043617350778805,-0.032468802404849284,-0.002659259049635706,-1.173680778848215,-0.19961034005785505,-0.07660963056921594,-1.9242569714757245,0.40646368501551,-0.010828914093863455
2260,0.08112774533181416,0.021075318920534058,-0.014599121794117076,0.7703009021256646,-0.1831778744657644,0.15563369309511346,-0.7508217361202593,-1.9180590306513607,-1.1778294073181952
2261,0.03944939506001652,0.04125059813603493,-0.006498333628205514,1.185666540380481,-0.26467805118812554,0.8339065007518156,0.5430373732274323,0.026116858663381263,0.13083329033257554
2262,-0.1709519919438815,-0.017197077437193526,-0.011268814695433966,0.14817151731895092,0.2915522258568776,-0.0520239415904826,0.15100705010037144,-0.19963403064045526,-0.3853342540753693
2263,-0.22252369261841126,0.0032905977458978467,-0.01113504778302795,0.956740175161892,-0.2456965449980635,2.1935311371804502,-0.6347107406246533,0.1925608677736157,0.5350102563138083
2264,0.024730838184147383,-0.014272772712342337,-0.025947772118052062,-0.3666588521272343,-0.4806953124160026,-0.17283068184632666,-0.13787729188245096,-0.7055916781726106,-0.970124963619346
2265,-0.17469277852160425,0.0007558555039021905,-0.010911126364516941,0.8203736313687602,0.042095363625607465,0.11252734060965214,-0.6556858923651605,-0.359183335717426,-0.8735496072387682
2266,-0.09802297084879476,-0.02955497821014828,0.003567138696656567,-0.76173582578246,0.4084889505128244,0.7095839101875282,-0.6033668830164727,-0.416241362100545,-0.14400782927524278
2267,0.0406863109267441,-0.006215145579817323,0.005771267307229393,-0.6166867145241096,-0.2210719601236512,-0.2682828967231667,0.39072153380179175,0.3023178663917686,-0.38131238575023424
2268,-0.1520911586744106,0.012650248658783196,0.008668800829544378,0.2450174571301028,-0.47086884422942793,0.10943538491381599,0.11994219322642842,-0.03786117939130735,0.14813643822776495
2269,-0.10194374830115696,-0.010763328658017384,-0.0041673775345856074,1.039426553052312,0.8405738795500205,1.4198172096481327,0.6583901238693706,1.6997630304074232,1.432110253605756
2270,-0.06997911049542405,-0.01708107300923969,-0.004408768627662915,0.9715964598854204,0.607324248219343,0.7342883357665385,-1.4606450145149792,-0.029261874793855367,0.14261418660480213
2271,-0.0196816335931278,-0.006852368278926389,-0.0036017457101244765,-0.930685551270528,0.2289123539126623,0.8786599816885471,-0.06241197086208228,0.11713840810157967,1.5807793266294146
2272,-0.005350402944647142,-0.03159578776188353,-0.023957208302097632,0.14032366079785485,1.4525882019525764,0.7386419481682729,-1.1752019645970404,0.03776550718939487,-0.6847846475857472
2273,-0.05622894978285392,-0.019096735965072803,-0.02386384649850137,0.14865828552373347,0.9101087901941396,0.802994127056563,-0.08302590969738237,0.5628535870823711,-0.7555376360286833
2274,-0.14256474643986408,-0.00554705781405606,-0.006811248245711084,2.2103568231178263,0.5500823893303509,0.9682687285383426,-0.5598147140361176,0.783195603937293,0.1765651556312614
2275,0.0323873381326745,-0.02032224713472629,,-0.4611268978371573,0.7919077134200703,,-1.0864525145856991,-0.8512979016505241,
2276,-0.19700910299556493,-0.02006483898947756,,0.7451512778978246,2.1944540219402837,,-0.17571045277411576,1.0446793437059567,
2277,0.17295703122419434,-0.016461352364825443,,0.2595053671571405,0.5208262787570711,,0.7059569219999785,-0.21446694224296567,
2278,-0.09074091915507566,0.01982731310625962,,0.249005210137529,0.21999139981127933,,-0.4812458678549522,0.15329206135750234,
2279,-0.003889583888993201,0.02451509460802849,,0.4298929653367434,-0.9650804472117698,,0.9787677490796344,-0.7016637255543996,
2280,-0.2302631505261209,-0.0251877231076941,,0.3099160596668503,0.4478436486611454,,0.5694589053532569,-0.06173878895906701,
2281,-0.07464076780059427,0.08669132546789599,,-0.6323866463872779,1.7327928779577555,,-0.7494709432383297,1.830272032512101,
2282,-0.10855878583039943,0.027028962881884017,,-0.8191395525523495,0.4191653586074425,,-1.3770760045844497,0.2306002008495728,
2283,-0.04551651443896487,0.11515722989732252,,0.6639385568855204,0.7091645642011573,,-0.2531322988210192,0.9323838751462562,
2284,-0.11757050221622467,3.018656165418992e-05,,0.8460144890459748,0.8420487200824192,,0.12880362998179146,0.8293087363113814,
2285,0.040948678242113457,0.08501933543262426,,0.05461399844264054,-0.5391396097669521,,0.0773608359511792,0.13498817785569164,
2286,-0.2414086634331355,0.036851899642603256,,0.9107815655486924,0.5106926293414152,,-0.07516674463115777,0.4567283258510929,
2287,-0.04523144910810376,-0.01867477682499756,,-0.7381353162685137,-0.08132008498211682,,-0.7067749235206539,0.950935212279492,
2288,-0.1787291410055988,,,1.0117442026272314,,,-0.17640021467188852,,
2289,-0.2258166726466881,,,0.500766842940496,,,-0.6140868863061191,,
2290,-0.18202950945736746,,,0.533911330901889,,,-1.3293686246914285,,
2291,-0.026160564276864785,,,-0.5934484459647522,,,-0.1897410907893438,,
2292,-0.2455852940125721,,,0.6180407160042287,,,-0.7126415237341273,,
2293,0.03412316030080785,,,-0.08734406457370357,,,-0.5509493638317162,,
2294,0.08960355279226775,,,0.29728275266518256,,,0.18342483968758605,,
2295,-0.04399448083653162,,,-0.2710880843691521,,,-0.8243247909206762,,
2296,-0.1512333256022218,,,0.5726435872589319,,,-1.0145955486544027,,
2297,-0.07886650184153292,,,1.0318175716122653,,,0.5035922790625359,,
2298,-0.21554180927019248,,,0.8039792360222627,,,0.5611369789791031,,
2299,-0.10900769153813453,,,0.4057571725363736,,,0.6823406192584617,,
2300,-0.11685180046790712,,,2.64251669043074,,,0.15551523625339833,,
2301,-0.07933946031153546,,,-0.10676485857734684,,,-1.0514330203122764,,
2302,-0.05805049936513696,,,-0.10478316559395512,,,-0.0221809576805712,,
2303,-0.02942586494719137,,,0.3731564855605269,,,-0.1986293608359124,,
2304,0.052116472756575064,,,0.6606112614973157,,,0.14439932191979718,,
2305,-0.043903475567064136,,,0.5728289841235343,,,-0.72342078941296,,
2306,-0.051789871041981066,,,-0.6269705407184017,,,-0.695397200576668,,
2307,-0.0544148178029443,,,0.28904534988497715,,,-0.2718457717990987,,
2308,-0.0992277260149348,,,0.10891677949027913,,,0.3572223205959362,,
2309,-0.15187416239546125,,,2.146329137546936,,,-0.6606126821564289,,
2310,0.006067941963087714,,,-0.25457872066429743,,,-1.0418801839314218,,
2311,-0.0699363930839278,,,0.7108638436692014,,,-0.7349308258874112,,
2312,-0.23623348714107786,,,0.6965415507592484,,,0.2858309336354274,,
2313,-0.01788724544021178,,,0.06032752211277247,,,-0.26859295470023403,,
2314,-0.2180389907189584,,,-0.2394651094348529,,,-0.7780790696110108,,
2315,-0.15701698532882893,,,-0.27523009630720346,,,-1.1735649745598264,,
2316,-0.182391050915487,,,1.1699899262911695,,,0.3085414036890504,,
2317,-0.13680464288118385,,,0.09773465914420036,,,-0.9557719911012138,,
2318,-0.03560196204964322,,,1.0151510158762571,,,0.957849393536915,,
2319,0.2347482308104432,,,0.8317523541148226,,,-0.3435782133649973,,
2320,0.11473650657204595,,,-0.19973382554102886,,,-0.2750949026566615,,
2321,-0.08483121222331741,,,-0.04560449380811615,,,-0.4739940311330766,,
2322,-0.102871607170521,,,-1.6125961744825041,,,-1.2701497528504904,,
2323,-0.10205789435358424,,,0.4011871269663859,,,-1.004748039800049,,
2324,-0.16422247278705562,,,0.2254298887396496,,,-1.2392839159527858,,
2325,-0.17851969836948034,,,0.13862096455815892,,,-0.048451762167997736,,
2326,0.004662314807676829,,,-0.5521551797687904,,,-0.12565733917146174,,
2327,-0.1861655045231741,,,-0.29648356934745823,,,-1.3079031137226895,,
2328,-0.1323411893265449,,,0.2831527675812157,,,-0.3479979321689079,,
2329,-0.007549139129400113,,,0.031849087221916955,,,-0.5673186062988324,,
2330,-0.071066247102015,,,2.454546001032897,,,-0.35000720935580865,,
2332,-0.07701926433615314,,,-0.2776985308401614,,,-0.4032321040813495,,
2333,0.05744063106365758,,,1.4742511655546449,,,0.4900034766335454,,
2334,0.07658312226821096,,,-0.7016260546421256,,,-0.18096589628873244,,
2335,-0.01955831152059674,,,-0.3730454134402867,,,0.05091723167185643,,
2336,-0.10347955269618066,,,-0.14708442883104705,,,-0.7650234939547401,,
2337,-0.17437231635687064,,,2.551401076005772,,,-0.7374152508522532,,
2338,-0.0722197459094058,,,-0.2559498601485949,,,-0.6314005059047614,,
2339,-0.04262325882047754,,,0.3156216245384253,,,-0.6519309300240508,,
2340,-0.04904090553473782,,,-0.35637905861772684,,,-0.631388243334907,,
2341,-0.2060057933089205,,,0.550250986683107,,,0.040971843217118886,,
2342,0.011606419472928951,,,-0.0009954764150374577,,,-0.3321972294414952,,
2343,-0.13804631553417632,,,0.0328284023909487,,,-0.5245548397985248,,
2344,-0.1181947990473968,,,-0.07260854326892853,,,-0.08879974750957327,,
2345,0.002795589598153181,,,-0.7393553851928298,,,-0.05261412180562948,,
2346,0.010772284067076796,,,0.9770747650553624,,,-0.2012042701512605,,
2347,0.038387745171320375,,,1.6281979804919315,,,0.07486893872079245,,
2348,-0.09299474457858536,,,1.1490488891037374,,,0.031220844282233037,,
2349,-0.13645574653194814,,,-0.5054871130591658,,,-1.2717029112793736,,
2350,-0.1645152219737195,,,1.0263255992978575,,,0.586563189702046,,
2351,-0.027114659935880255,,,-0.7653945738601464,,,-0.7226559923594088,,
2352,-0.07466429006390793,,,-0.3676572905517891,,,-0.9431294784785792,,
2353,0.0015801767117678142,,,1.2774192052716722,,,-0.8908499077321684,,
2354,0.0002926355324672225,,,0.5181166225423509,,,-0.2389275653173853,,
2355,-0.05006789511599685,,,0.5637615530654545,,,-0.4372855625859009,,
2356,-0.16947750796026648,,,-0.05103028961574307,,,-0.448574460593994,,
2357,-0.0682680313626366,,,0.06688377194764496,,,-0.5867913684216794,,
2358,0.041821909595696205,,,-0.123919646710995,,,0.14312433559163076,,
2359,-0.06390600140563463,,,1.0634130297236466,,,-0.33972508166794985,,
2360,-0.06390955269219639,,,-0.9946545941208952,,,-0.8025583899089969,,
2361,-0.1258533359036639,,,0.7776021763533502,,,-0.2186989304083832,,
2362,-0.13821382489769274,,,0.31756438320100433,,,-0.5948509355101883,,
2363,-0.15131763466107193,,,0.5873493028495838,,,-0.7816780443330331,,
2364,-0.04788854891116759,,,1.2068885348873009,,,0.21115921949677804,,
2365,0.04826886191264208,,,-0.10811847020790144,,,-0.3088565899071111,,
2366,-0.17664149928594786,,,2.10376527769694,,,-0.03665827752514678,,
2367,-0.1172939230909527,,,0.05198228490373475,,,-1.1282221276292652,,
2368,-0.16416421487546734,,,-0.4230673270581167,,,0.16961270837206446,,
2369,-0.10352380520918462,,,0.8531763013572627,,,-0.6135937849647536,,
2370,-0.1889038349350273,,,-0.18549129292551245,,,-0.870194758836876,,
2371,-0.1911224849930145,,,0.8168610792825324,,,-1.432405386743238,,
2372,-0.13347349831818242,,,0.3547696049827988,,,-1.233965653940012,,
2373,-0.2582900952109681,,,0.8004320103047213,,,-0.5137901836276297,,
2374,-0.03257840042867384,,,0.16632597105298805,,,-1.0971953907626824,,
2375,-0.19288110520131035,,,0.7939205546393093,,,-0.6789609787475211,,
2376,-0.010782638096188443,,,0.0927260292719208,,,0.17684252109499146,,
2377,0.06623278038651675,,,-0.22150974418411865,,,-0.3102934872817101,,
2378,-0.042454229556503145,,,0.8319089624401862,,,-0.7373357257707513,,
2379,0.01377839527026109,,,-0.5905903068556569,,,-0.4680703099110052,,
2380,-0.10514232585451716,,,1.2547391396976666,,,-0.8297260843191564,,
2381,-0.1946360344307667,,,0.2510144660065861,,,-1.31386442038117,,
2382,-0.13166740259659696,,,0.2096290244561917,,,-0.5388802323499395,,
2383,-0.18024978212652532,,,1.0017184084717763,,,-1.3233957518592698,,
2384,-0.21634319555271786,,,-0.081669387220422,,,0.22540542916081466,,
2385,-0.21605748276666467,,,0.2569678439942356,,,-0.9432840297599908,,
2386,-0.08671938990281274,,,0.7785493078039036,,,-0.5934397177166969,,
2387,-0.2405603728661932,,,0.6632827955260824,,,0.454580090494837,,
2388,-0.3815677237206427,,,0.4720650040093757,,,-0.7397458449153547,,
2389,-0.32876229678826463,,,1.2616923487678515,,,-0.20022213438718486,,
2390,-0.2146889149372278,,,0.6220253859331091,,,-0.9489159643009492,,
2391,-0.0753819206365754,,,0.06462275436457028,,,-0.8798650745359041,,
2392,-0.2527855358700896,,,1.7885033448463494,,,-0.541855597875683,,
2393,-0.10377895513442044,,,0.8473921073802096,,,-1.0957599519963304,,
2394,-0.10937943611888667,,,1.5937836281496212,,,-0.9572347751134456,,
2395,-0.2546250523939305,,,-0.04737815360403519,,,-1.4865576330789596,,
2397,-0.07418367939432871,,,0.4816002922952461,,,0.00952550529511545,,
2398,-0.08162794919254232,,,0.13849618584727158,,,-0.7709874123537569,,
2399,-0.11173145238788222,,,0.5998733619077609,,,-1.0342733853370183,,
2400,-0.10871638501882804,,,1.5503903833104884,,,-0.4642549967886705,,
2401,-0.04595695284648178,,,-0.06325854098058392,,,-0.4523854299014976,,
2402,-0.04958730071013803,,,-0.021674795251368832,,,-0.4978857725002978,,
2403,-0.10001262162987527,,,1.2371551176087985,,,-0.9364843225425956,,
2404,-0.09729221283352517,,,0.7512403603271132,,,-1.333001765234274,,
2405,-0.020618184356251682,,,0.2719758402788585,,,0.5757856278250373,,
2406,-0.029339701788720886,,,0.3437901711641833,,,-0.5415487447723801,,
2407,-0.04824103900874903,,,1.1877759921639055,,,0.3431963768679123,,
2408,0.029920657164886264,,,-0.1468822412464084,,,-0.2751390792340447,,
2409,-0.07963984840900631,,,-0.7817094998518038,,,-0.8430268556121164,,
2410,0.018627258678047848,,,-1.2504178748257515,,,-0.8679768062780442,,
2411,0.06518696561890201,,,-0.4944673043659149,,,-0.2012197960866481,,
2412,-0.11542241692642405,,,-0.7179769154908835,,,-1.045771221071392,,
2413,-0.040726570330624295,,,0.09894653786749548,,,-0.5836407066504576,,
2415,-0.12552015612538509,,,0.09357360439127227,,,-0.6519077098080351,,
2416,-0.11283121458851306,,,-0.6988250791346706,,,-0.7748967808957313,,
2417,-0.2239276432205659,,,3.0556015796152214,,,2.3561999398653195,,
2418,-0.093334227250449,,,0.3467272582239518,,,-1.228548558025734,,
2419,-0.07614840245743286,,,-1.0174661849385738,,,-0.9301412757929524,,
2420,-0.06499780876533816,,,0.4597489826568945,,,0.2302832372129675,,
2421,-0.5704534952280579,,,3.330737104670182,,,3.1796610041677336,,
2422,-0.15787361930679386,,,-0.4296502086806946,,,-0.7298009890408663,,
2423,-0.11669848766502595,,,0.8587855257698632,,,0.8076289647986841,,
2424,-0.045322689894151405,,,-0.04767700708701934,,,0.014406223368901268,,
2425,-0.11863897889330666,,,1.1676978932427695,,,0.6586530512051988,,
2426,-0.8744911520143129,,,2.3128782205418914,,,2.3878177426563183,,
2427,0.18397092295899287,,,1.8554638365500955,,,1.510699175996644,,
2428,-0.6891826780436141,,,2.9005198342941783,,,3.5109528827844607,,
2429,-0.19188606447611944,,,0.8743595336795688,,,0.4540309348483338,,
2430,-0.2412909246231955,,,1.1443463817199164,,,2.307543121707772,,
2431,-0.3685287408671328,,,1.4338476065942338,,,2.6825980842447774,,
2432,-0.6041490629600048,,,1.0123238088968178,,,2.4557377915592182,,
300001,-0.05470124262456913,,,0.259484430054246,,,0.39052733504725495,,
300002,-0.1130253709193548,,,-0.3097133749821317,,,-0.607163668462599,,
300003,-0.10777014149882523,,,0.7819803279894249,,,0.1691089874556571,,
300004,-0.2246109228716784,,,0.43447620895634187,,,-0.1173843342663713,,
300005,-0.3037235329592177,,,0.4312240443203148,,,0.4279556259878146,,
300006,-0.03078619308439565,,,-0.6523088518860748,,,-0.5308003262799471,,
300007,-0.16276785045609712,,,0.1169482252689492,,,0.03717682027763676,,
300008,-0.2143821355961411,,,0.6844933611062823,,,-0.1304795271431383,,
300009,-0.2760022629445124,,,0.4040021841576095,,,0.017143625525670513,,
300010,-0.14006895263635516,,,-0.2705483076995749,,,0.045277248352871405,,
300011,-0.27956172297025,,,0.35062484161484525,,,-0.4287278822970431,,
300012,-0.11176662303934856,,,0.0714942560816883,,,-0.04800431292274872,,
300013,-0.26968080627910823,,,0.4231685090342689,,,0.03983018867223592,,
300014,-0.12564768578686755,,,0.2659953906903531,,,0.3505132836918218,,
300015,-0.042032974640094894,,,-0.6161829921633277,,,-0.4255770328774684,,
300016,-0.16223982993512387,,,0.18258713515414016,,,-0.726999058237755,,
300017,-0.32188891475954273,,,0.3274405229049719,,,0.025943855271171733,,
300018,-0.09014803015395728,,,0.007517934983595626,,,0.05178671734460168,,
300019,-0.08488282186050748,,,-0.13354937483927165,,,0.13589023716741389,,
300020,-0.130838094802526,,,-0.11203594211887936,,,-0.3824577802775949,,
300021,-0.16322497544699133,,,-0.3493568153525612,,,-0.4544371011243053,,
300022,-0.3557950436375273,,,0.6317218418265471,,,-0.7393784359752469,,
300023,-0.14461716774328115,,,-0.3275953142131741,,,-0.3557854205415368,,
300024,-0.17294675770735474,,,0.6221672403941717,,,-0.8933135127936549,,
300025,-0.1847329652404668,,,-0.8297213453813647,,,-0.7143869408744848,,
300026,-0.16784139014838612,,,0.6280594714589093,,,-0.7369630419107348,,
300027,-0.20342665180859545,,,1.333242153658007,,,0.2391570283902361,,
300028,-0.2810864739729608,,,1.1355383083197494,,,-0.7857690960017341,,
300029,-0.11786714793917315,,,0.4701856821751815,,,-1.0284663292477307,,
300030,-0.09947241990251456,,,0.4826818464777568,,,-0.25770627782540684,,
300031,-0.1186086338250815,,,0.25989307614889445,,,0.2201762835550557,,
300032,0.009705271719986459,,,-0.3667804698930424,,,0.2554211330830258,,
300033,-0.1704307442231937,,,0.34029588038319525,,,0.30829555946514897,,
300034,-0.1291927772804477,,,-0.2333330158650987,,,-0.7662729023461516,,
300035,-0.2019839281472194,,,0.515903307920345,,,-0.0978082590562815,,
300036,0.026410954047324332,,,0.4365742706549057,,,0.2427473724172525,,
300037,-0.2529970494421732,,,1.5403061507222735,,,0.2132119298855321,,
300038,-0.1848202056517888,,,0.20673695927136013,,,-0.8596821024309912,,
300039,-0.15742019194969736,,,0.3200727679541792,,,-1.039854539841942,,
300040,-0.21090169215508064,,,0.4649629125112012,,,-0.5353016415364044,,
300041,-0.052656212038494736,,,1.0989063313370502,,,0.7317783516915342,,
300042,-0.18196648805630028,,,0.2447640521970961,,,-0.7671447421127006,,
300043,-0.07969162205563804,,,0.8833825526910551,,,-0.8304632037265818,,
300044,-0.19292770864860084,,,-0.8600812870877623,,,-1.0567620392827881,,
300045,0.03319286210998676,,,-0.1762111873966391,,,0.7167275888523076,,
300046,-0.1247823426896928,,,-0.3484619168787029,,,-0.5206377275422199,,
300047,-0.07766994550957658,,,-0.6629667261599457,,,-0.3994561167807679,,
300048,-0.15547243000831953,,,-0.12203346451096685,,,-0.5875624931982392,,
300049,-0.0907473990912385,,,-0.04144832168659365,,,-0.20951981778224107,,
300050,0.019451436056215576,,,0.8720889625594133,,,0.3612769303080697,,
300051,-0.07306692783183746,,,0.3715061011481845,,,-0.05890764528194555,,
300052,-0.18584102718506595,,,0.0496038315429999,,,-0.5416449533456523,,
300053,0.0699214409099827,,,-0.19920455008049692,,,0.3334187629319539,,
300054,-0.08480459144733887,,,-0.004760118446128132,,,-0.5650089027278841,,
300055,-0.1567485348897041,,,-0.4414820287386669,,,-0.8388850394891437,,
300056,-0.1447308881067379,,,2.156168794089353,,,-0.057225744993768125,,
300057,-0.07431742452757911,,,-0.015829055780155032,,,-0.4882064551014425,,
300058,-0.2294655376374209,,,0.5241751626142532,,,-0.9289690386151696,,
300059,-0.20658364286982644,,,0.6834900491626,,,-0.44938979849251226,,
300061,-0.08118742842130773,,,0.1843272491997748,,,-0.7606939291511425,,
300062,-0.15457003676032194,,,0.7050496702709572,,,-0.8010753505234103,,
300063,-0.03997140388900679,,,-0.3307807916726887,,,-0.5427659010200839,,
300064,-0.14450037594762155,,,1.2142605913150024,,,-1.0983525724580314,,
300065,0.04124702098902555,,,0.12758984413794255,,,0.059907438079830976,,
300066,-0.1342431525095731,,,0.9026070380450408,,,-0.7808790499756875,,
300067,-0.12976733279439304,,,0.3190206884613633,,,-0.650263094910848,,
300068,-0.10322262810695568,,,0.0070948808417741075,,,-0.7326490619275959,,
300069,-0.1746011052203411,,,1.6719688360369798,,,0.3081292050497568,,
300070,-0.10433947257586898,,,0.4139796960887206,,,-0.395987619618052,,
300071,-0.006832314651966071,,,-0.08148778605657805,,,-0.5725108792788297,,
300072,-0.04225822666387409,,,0.7195100245313725,,,-0.4078854041252264,,
300073,-0.06833725809593755,,,0.8004697821949355,,,-0.03909068487019148,,
300074,-0.10487348607669464,,,0.06457431799878577,,,-0.612855441905692,,
300075,-0.19893453284938645,,,-0.20655135794534066,,,-0.2970898012388743,,
300076,-0.11609355716086725,,,0.1799859235045108,,,-0.6105833645192926,,
300077,0.08485621450519021,,,0.2435021473356364,,,0.4626547178389961,,
300078,0.18097826103778555,,,0.27344832553520393,,,0.18973897664060813,,
300079,-0.10535364817485504,,,0.3261996976242529,,,-0.17955321519482353,,
300081,-0.0770963557024774,,,-0.6982887393338788,,,-0.841251937536804,,
300082,-0.0808161914672339,,,-0.6166505691809735,,,-1.3112238502126394,,
300083,-0.015514442271580497,,,-1.5570708806768443,,,-0.9895603130598062,,
300084,-0.07524385574565072,,,1.3625641589305812,,,-0.15319409836305542,,
300085,-0.06332931828077963,,,-0.15581332670560882,,,-0.3626730756576259,,
300086,-0.06473045621770443,,,-1.105183553545969,,,-1.0336568402123305,,
300087,-0.09143958813206754,,,0.8666036827087574,,,-0.5222501621233481,,
300088,0.0456979786667243,,,0.4997194170799713,,,-0.2385263797626975,,
600000,0.11667543702054195,-0.03392534778288343,0.0036140623279301404,0.36482108710532457,-0.103332155093121,-0.4952366963263683,0.8774598999849178,-1.0889047033471515,-0.6458125851294969
600004,0.06058168254412428,-0.012420577607260522,-0.01930558819356426,-2.275964633376256,0.3303645497743309,-0.38358610101634383,-0.05996950170665113,-0.5719701489298908,-2.4273297156116453
600005,0.07198842364514549,0.030953288910173463,0.027751971326017533,0.10295151541173893,-0.1371547917951399,0.09051782655476197,0.15222247612587028,1.0227709708003032,0.3650617228465442
600006,-0.05391877955144722,0.0035224551312060173,-0.002321633106712573,0.016939153028667296,0.6126409210946012,0.8385288274941275,-0.7897721123177656,0.216149917281417,-0.2724507961562929
600007,0.01925757564940004,-0.028640261048036388,-0.01603481514488775,1.4926686953344164,0.6407114342502856,-0.025564636378010302,1.0751018546984892,-0.1597450661669413,-0.4492863099657676
600008,-0.05997436596235872,-0.006591717681326275,-0.002715890954336907,0.6571936380302377,1.7819023713213218,0.9719110749606676,-1.2317528010088017,0.4955204032965305,-0.4817545485974149
600009,0.059744714573390215,-0.013506940799286538,-0.0137207624233236,0.6954267374040238,0.9418774226822132,0.09818153346125767,0.3029696033558542,-0.3980244089856204,-1.3525709404482869
600010,-0.033561779354933874,0.02916067089235141,0.010854535842851086,0.4102605687103969,-0.06519253689178932,0.24350040616746765,-0.8580001482344911,0.9823751795067901,0.07291199602431571
600011,-0.04658980287086899,-0.0005640883034972247,-0.005001590412557849,0.6449597416612947,0.8502772460308928,1.1789179725502277,0.9737541123699602,-0.27727233143327634,0.5567282825176549
600012,-0.1575985057310181,-0.002988542437562284,-0.0037434660210548757,0.9382698024594456,0.5876001338075968,1.5100431489207553,-0.15936915569638593,0.5601027024082528,0.12727347732698815
600015,0.07834500269585516,-0.06507841050855581,-0.0007305943167743138,0.2638211655465276,-0.09308686230629667,-0.15277777756894234,0.636085247902786,-1.232892520815952,-0.7519989327965932
600016,0.06538678278427659,-0.037355853264599136,-0.008157401380167628,-0.1122467633875758,-0.8007021553918101,0.1837141801067171,0.6138707529716282,-1.0967697036213009,-0.7922146778971414
600017,-0.005256081849456321,-0.015057070229014438,-0.011021974935421671,0.4990503381405204,0.5759434631093914,0.2897156069983245,-0.1312301080085963,-0.793127885753254,-1.0964959600793622
600018,0.04045978466004328,-0.0010584993115037508,0.020781098881845646,-0.4616204582865798,-1.0799495223066389,2.6431419053763263,-0.8488741526485751,0.010981641372159323,1.72477550540728
600019,0.07346437168492373,0.005842962219848691,-0.004108524221157721,-0.08776476992617516,0.6308346668201198,0.5243714655077616,0.4491358333852965,0.1404663219171192,-0.3007834232145745
600020,0.052607279245008326,-0.002709972907653325,0.003046200780789307,-1.4075836641177857,0.193783339938895,0.3109758245633078,-0.37589040005859337,0.8694724583073101,0.036787923346644866
600021,0.07259949477467441,0.013714983911902592,0.009952720124913779,0.3184984295011684,-0.2262157258728908,0.4521723899603222,0.4765873533236694,0.35668299754729865,-0.13107893179324387
600022,-0.11051178627541368,0.055245648713621635,0.010328920879890685,1.6634574035711007,-0.4474008153994422,0.4092210787495186,0.36996729838574377,1.5631068473960748,0.5827869809141506
600026,0.008216486355322709,0.013778548922704218,0.010825826445391791,0.21894329793019585,0.7266105414628805,-0.1753491362559333,-0.3054555378829398,0.4496545581050715,-0.030087922092252674
600027,-0.015257933639810069,0.006837049588531786,0.005602878091440885,-0.12899683988362473,0.012008142882906863,1.8676819957303703,-0.5123386250654133,0.2870435886316772,0.8726441690650723
600028,0.08923909520560819,0.01996187083631405,0.0013035743219509954,-0.478780816831464,-0.4493912275447616,-0.4212049706372564,0.7774413855485863,0.8588779494169433,-0.2824566562449752
600029,0.058204738513625925,-0.004217017781346295,-0.0009265528404571248,-0.5701378276580451,0.7723634563808295,0.8808284747078609,0.2708464297011669,-0.3641806463242433,-0.38584146785639706
600030,0.04793594333116463,0.00031764441430479247,0.007149260679005166,-0.2709029586261659,0.4747230326249219,-0.3237422008872299,-0.19781258297991955,-0.2201044546335576,-0.3410873693288362
600031,0.11296580404854535,-0.002824683809597642,0.0061003157832060576,0.24587308579975786,-0.9618166965719236,0.8823110912361539,0.5200157056790373,-0.3450856587520421,0.31656368142062136
600033,-0.024311325461762626,-0.01991556338469156,-0.015594363233039626,0.6842515792421782,0.06801711184534155,0.657486487568888,-0.6335004454396611,-0.1600563368191623,-0.20187069660322154
600035,0.01849126239942553,-0.023489208287046724,-0.010439430728926679,-0.9778124789160112,-0.03334471968355626,0.9415772690167364,0.018698216254001226,0.2945075186096497,-0.2788181404692736
600036,0.07503488951639048,-0.031774011592466594,-0.00934873771044129,-0.5988162783716993,-0.1112603484376342,0.0626860844204818,0.3430887928119308,-0.650933080720006,-0.48697941169772
600037,-0.1522048841280344,-0.012184114067691994,-0.015232087606282415,0.21083143930300247,0.5859349059125191,1.215640024799261,-1.1605313727515625,0.04030612809878846,-0.4745492402682223
600038,-0.14275320943755074,0.018297293868563186,0.0064132730792965074,1.3435309887462643,0.3459810197649966,1.06081419334721,-0.6685291005084922,-0.14824401986077707,0.3357697931562401
600039,-0.016610928766360774,0.014165939405588928,0.017584911745168092,-0.4054165729196537,0.5513513833053361,0.7794351355070052,-0.3799919818112977,-0.2220453865755774,0.01781685650204464
600048,0.0907880253378999,-0.03491614901442736,0.016986517504812358,0.5127281415271112,-0.027609766134315088,-0.12234279417118785,0.19742582529939268,0.06882844414619899,0.07897929082184649
600050,0.04041025805712591,-0.009935001380357706,-0.0010753850027370258,0.26032112885696584,0.1840397083975758,-0.018621603457240742,0.6842991791410028,-0.2873663794326219,-0.4826749684429433
600051,-0.041078597754729065,0.1037469251715643,0.015185974819274212,-0.3029178369512267,1.118800519078239,1.1104441964156668,-0.7278845089661898,0.8594185962532527,-0.04075128925338607
600052,0.011656923219425104,-0.037926646490718516,0.004553922954690804,0.0295697610577771,-0.01718130597421533,1.094708254315677,-0.2223529951886617,-0.0858956655072068,0.35321643270098857
600053,0.16744771635332026,-0.01824161783817535,0.00529837386639373,0.4054852433008176,0.2410521025345756,0.0704600059408276,0.509368279609388,0.7924813848340736,0.14286291453968414
600054,-0.03255405386975649,-0.024524432808789583,-0.009213009193223456,0.4756634488761796,0.1004047415059272,0.5695456133379172,-0.5372804374001082,-0.1704351566718408,-0.6747188581186905
600055,-0.09705359028347683,-0.040653307512546005,0.0022732192412139585,1.3771263208264723,-0.03823637341493096,0.32384662785025586,0.04480998184848646,-0.3914905340861808,0.4054343550854497
600056,0.01891062566515433,0.011950789151615786,-0.0007804121027694572,0.14286880461223905,0.9806297597289464,0.902086504817959,-1.080061468838584,1.004263454845523,0.1295841918714891
600058,-0.04781344733668511,0.010790040268647374,-0.020072472299426918,1.4067639930450306,0.3974852920135173,0.3698159694481328,0.5584433369772592,0.5829843748770407,-0.609375661182347
600059,0.03080356557912752,0.016431605018361158,-0.004254351541419543,0.9388338587264016,0.2968428511897921,1.0254629648392115,-0.02728189122751904,1.3050533493568035,-0.8155104474154677
600060,-0.04071345310609946,-0.001950723472535009,-0.01042573954042034,0.4620316209128226,-0.8696157200583337,0.4485235462972886,-0.4177082117002579,0.04051492424222386,-0.006433939937957515
600061,-0.18368909854332227,0.022086117376967064,-0.019227794964206943,1.0174136888392409,-0.5005917439289962,-0.02576386509375851,-1.1089569096301328,0.3458574324462391,-1.2598532887345382
600062,0.052111617442241735,-0.0010891001623550142,-0.0171385648328354,-0.250055641659766,0.9464711670304344,-0.16125248471846626,-0.2866812424428521,-0.5870201164809351,-1.3907735831036279
600063,-0.12722570695296448,-0.016702106375295442,-0.010941576191846412,0.7031183155212286,0.6310136559015872,1.643510957094766,-0.6553980785366031,0.3834461067248334,0.18493661587598528
600064,0.10929684339003028,0.012730133401444823,0.013245864078003006,-0.28402316230912994,1.7492228593737864,0.352663137623314,0.561254848270307,0.3916218687643882,0.10533189835860003
600066,0.0497813685231415,-0.00310849631973082,-0.01141996869892645,0.25876483911109704,0.6615727490924127,0.4051205380629784,0.3562199508413512,0.5465425736255357,-0.6714934677405088
600067,0.0931611830470391,-0.02619314781422592,0.013847917173671993,0.3997051115310872,0.17644542693539236,-0.05944071271180345,0.38906132012724304,-0.2383392251134935,-0.2220962582539631
600068,-0.0618878582041022,-0.02213386497886345,-0.00022654977122517003,1.006379598029273,0.6297031029611284,0.8654365807948856,-1.1858957690484229,-0.8282329969763667,-0.2415324008657184
600069,0.026076960548789163,0.009360068639808141,-0.013165333439656965,0.7059007305103057,-0.30653983425168835,0.5191487782529088,-0.034625038926151167,-0.05984890761089213,-0.922652648113596
600070,-0.07335385943177494,0.00380562977168776,-0.002696694718047895,2.2306511311713724,-0.07235513841864395,-0.19601046655301602,-0.4876232952654216,0.495283148294264,-0.5368884470575667
600071,-0.0894348946030657,0.01794286832986729,-0.0005003835410596173,0.6324711246861839,-0.19719888069483674,-0.5111138988518451,-0.7372817652685081,-0.9443461232135264,-0.8313200306532469
600072,-0.03818966483320085,0.01295227019806728,0.006616850345224927,1.9300875790375696,-0.18613388295341832,1.0395443133110855,0.3027598366158094,0.6060006152870779,0.07183035324600014
600073,-0.056857505925407566,0.03666031422221025,0.006696925376533446,1.3261885829031346,0.03171284545516508,0.37653164191746896,1.043624127851703,-0.18495646538239385,-1.3729228060491525
600074,0.018899887079608636,-0.0051188971818054785,0.007101417940478594,-1.1055631708604208,-0.8061099978080949,1.1234172298396825,-0.2629075151978357,0.13081543075638755,-0.4899001041512304
600075,-0.060233610841366476,0.014430437808159925,-0.002407722303167989,0.35535964977993945,0.5393431079709858,0.5123791603871697,-0.27233633097083004,0.2801872890964979,0.05436629402032154
600076,0.053562449096766857,-0.0004742575222260294,0.027033700011439395,0.5678032449468402,-0.55008274007403,0.5890999024799839,0.4742650962279933,-0.8654650107449262,0.5756734271836612
600077,-0.01872822178615531,-0.03835220297799047,0.002121449525407283,-0.5504786204514389,0.4314357955268001,0.05543523154692667,-0.480208580269626,-0.05573407001676679,-0.05877440158516496
600078,-0.02150971182205763,-0.0036238116467436007,-0.011631768518936426,-0.19228560728982824,1.0777095125377758,0.2130264429276035,-0.6096912191930041,0.17349223049218251,-0.5006907718189787
600079,-0.07265337367412528,0.016707428725919866,-0.011269973496618044,0.5872933606468902,0.42462412692516266,0.14228748670329233,-0.05312545896455676,1.1008519914999004,-0.26061163965694484
600080,-0.017219997894697747,0.013189925006723946,-0.005759081791910691,0.4925733886768116,0.6351561617903819,0.9761221381151224,-0.2152862314269174,1.8348974353804444,0.3018976980404018
600081,-0.0914172734469386,-0.05733115893946021,-0.02032897872429914,-0.23606201854353925,0.4773826923204698,0.4124064721764476,-1.0974525331658245,-0.7689614068337892,-0.8169339928737865
600082,-0.03116850782892892,-0.002812557632696079,0.0247984032616823,1.9806539765976872,0.2373774470579522,1.0262779762535863,-0.5824510024515202,0.005007917799175607,0.9358455034225454
600083,-0.11505479151082358,-0.01573890735797071,-0.016816879534143576,0.2874631486730927,0.03886427864138809,-1.3397918348761138,-0.7170528681127367,0.08865406987109578,-0.2727863146953149
600084,0.05893383216803924,0.011703198774483914,-0.005820817061783471,0.4667804656195058,-0.4707638092775728,1.5572346776853978,-0.07109231345793568,0.35189392310779555,0.13828766727518466
600085,0.011878876020023826,-0.010464558506712185,-0.012842861730254404,0.13781313431875,-0.2112190617915785,-0.2830721753632935,-0.592842353045696,-1.0756499144461416,-0.7634334060186908
600086,-0.13330611579510093,-0.06533356486359837,-0.01514663319164753,0.06911636095416993,0.7788069242627621,0.16224545991322306,-0.6976179089535821,0.1692114502377084,-0.06757550141870712
600087,0.0014738314959138188,0.007354098595216405,0.0011429666965142773,0.3605141340307877,1.2893344004526732,0.2252181741303952,-0.8220962522820732,0.2498175975980435,-0.4337536270030692
600088,-0.13308275738664452,-0.032049317764113634,-0.04139685784913297,1.5376970338539706,-0.2402647489431312,0.4880013858648758,-0.8123096958194063,-0.08388191169195683,-1.609711800499689
600089,-0.0728357252327931,0.020134117728258592,0.01892003464498456,0.9549501585118004,0.7392393834605617,0.21486486620148887,-1.052326323291859,0.5126906706551004,0.6035555064552867
600090,-0.05577260892232622,-0.03610173585212037,-0.02104550559023295,0.729116644534824,0.15189967281353314,1.8067596598010585,-0.6636561822225567,-0.1401762434137746,0.04142951394278888
600091,0.048784434657014486,0.06518279693402762,0.02800608239442596,-0.10325531248042844,0.5162711400078258,0.5193752177321821,-0.1822166483208894,0.6130557370306139,0.19375053312681645
600093,-0.054677242700954906,0.003902223471203631,-0.009057212331114358,0.5847358941065256,-0.09925354525745772,0.9140682456415968,-0.6819298949667533,0.6293431065389904,0.7403743930465976
600095,0.3672188171867876,-0.0014500746410656615,-0.0007630643447974745,0.5423040533202687,-0.9558123418602064,0.3686367985443083,0.9082376163625988,-0.4557553018620558,-0.4644026820868329
600096,0.16366067083996114,0.02112908906041248,-0.034160206828451715,0.7688863834997858,0.36401506809177203,-2.554556703559848,0.3955720844668617,0.6098078556208879,-1.8892636701291496
600097,-0.08739476140731461,0.04112258257508431,0.01904125249874389,1.494947689156405,0.5264443755101407,1.1854051322560717,-0.8547615520069582,1.0989168543128276,0.5289578546918667
600098,-0.07039406982029556,-0.0008343242268767602,-0.0003873623287745185,-1.0304942376533277,-0.04809356360000678,0.10222979746698982,-1.2507765516918259,-0.004662167819069266,-0.4399946067353265
600099,-0.2050641669507228,-0.02841591193854611,-0.006994799456145057,0.6955516440681985,-0.3834452608875327,0.702516550236079,0.401863401624777,-0.2414162388688112,-0.21819475702138505
600100,-0.10511245163439516,-0.03308867883708265,-0.01630259156198513,0.0006765111342864264,1.852466241170626,1.5648290908530913,-0.7497607202497428,0.3683692177551706,-0.28346694927903826
600101,-0.0518148341449447,0.010462993895526995,0.005814713930549952,0.4495801650351535,-0.05347807667580577,0.3739691054033647,-0.47954247878881795,0.4857346545624589,-0.1728051262728503
600102,-0.0052694278888665005,0.011044821618275141,0.00759736747063372,1.592116210094093,0.050882563666828654,0.05668877297890389,1.2045241846255321,-0.29667041861639604,-0.4256208724003742
600103,0.1953184277166915,-0.014047230999948014,-0.0003515750187060592,0.34040611836548074,0.5727656140358887,0.3328325746812611,1.3938088039998722,0.33191039148470697,-0.3259566746965618
600104,-0.031200562892265138,0.02511755345058456,0.00933646134739605,-0.11626909654023568,0.2768342902923004,0.08108745407943943,-0.5855332987710227,0.2494644885935997,-0.18409574523105016
600105,-0.09105103625987504,0.037029868700055285,0.011333204884209202,-0.3704158994269513,0.4683496946555357,0.2193327192237348,-1.1213654344467958,-0.5689345227606796,-0.2763535907050013
600106,-0.040029811480292686,-0.0028913686479540733,0.01146059457782927,0.5173321779952598,0.4394310672383928,0.476128733050983,-0.8778795574979984,0.02273363358134713,-0.2980896323226935
600107,-0.0987447160885569,-0.006167884482271084,-0.002751342046470864,0.6570197528803874,1.101884662138738,1.2712759539518534,-0.7831988345875265,0.8932445867264853,0.07219660794984771
600108,-0.13249008462626294,0.014689973653750025,-0.0012618043315616196,-0.19534593154412846,-0.1116404082707066,1.407615383852744,-2.076460580542783,0.1372151046160804,0.23725997348857744
600109,0.01353421979060751,-0.015988759599187476,0.003372390505428696,1.7466136705552269,-0.2917558204125357,-0.6108595155815782,-0.04727919038477834,-0.4979341922011628,-0.12723845357008226
600110,-0.03165423805543824,-0.01823169264691777,-0.0016017809124773078,-0.02806878980419795,0.8156850555615808,0.13554176188002992,-0.5143557672668576,-0.0481173924061952,-0.3876499830908733
600111,-0.04737555313753086,-0.022252976058364186,-0.0061371020746912395,0.5642803405946509,-0.12546458628119395,1.0655967794939167,0.021430612317332082,0.08226355327921156,0.4702688558722013
600112,-0.013233392182559534,-0.03419826253508998,0.017997101730994912,0.4966471442589404,0.18849449074312924,0.2937968195068906,-0.7284214717069645,1.021989563521643,0.5159889418245258
600113,-0.058596918119659135,-0.033146399925711736,-0.011729303058295,0.6075661783089052,1.631296183890046,0.6602215487873906,-0.4502960181470628,-0.023628619018984567,-0.2943805607059495
600114,-0.1391705325235933,-0.0372768155567607,-0.015256788324157238,1.1337630088262405,0.07167151243250894,0.480270479464949,-0.4342503415473667,0.03564283968221844,-0.3422438074761438
600115,-0.1443424873957001,-0.01629692911582781,-0.009213959066497593,-0.1899055507617184,-0.1781009455203281,-0.501365035194222,-1.4963355394842368,-0.4745002522214044,-0.6804921544243302
600116,-0.01757774690593383,0.0008056709221641692,0.004764929216362453,1.6562235420052647,0.14127112798328553,0.7920154837524703,-0.04507375104604144,0.18473263406950527,0.015230243512531938
600117,0.04072942412358593,0.0013257338578295706,0.006315688813949595,1.3053765517744949,0.9988682690889482,0.8069807103892476,0.034566745344758065,0.053443390191743344,-0.1364851454761937
600118,-0.16416700213812135,0.00516258791342147,-0.013152706163011231,1.0948426048712816,0.6972294288541988,0.5070479707591747,-0.1403646039630199,-0.08261432217683637,-0.2685884110175057
600119,-0.11890715791453435,0.021624760798060062,0.017015664823431295,0.7901061728297151,-0.3686828053550711,1.2714049718059195,-1.0238716690491123,0.5594214055348454,-0.20018449383195136
600120,-0.01305219747352382,-0.008112206380833951,-0.007983029213235387,-0.5767799996750427,0.02318369983289586,1.4684235011518885,-0.6855020675320607,0.8806194310087101,0.4695458443930415
600121,0.2603567439745344,-0.0009259553298689892,-0.0006722560623452918,1.0249378502968876,-0.069856987719542,0.5476883026758909,1.0740250493344443,0.040873147786041314,-0.5612472644031674
600122,-0.11882891201528528,-0.001278721588879515,0.005568861838231281,0.15962587826098582,0.419429827546666,-0.7842205528086141,-1.2789549976101493,-0.2028001853625669,-0.4204139107322504
600123,0.07055224165109232,0.007835605793897166,0.008278927596506683,1.1262270548199087,-0.16167021534241582,0.3145192563058713,0.32581327603689725,0.011444860752944168,0.4055737905305661
600125,0.026637974970309897,-0.01501747697018415,0.007483754161631362,-0.08926553541409674,0.0349430956666879,0.7662056490049979,-0.2245307140789432,1.0728377867445005,0.7275717888222055
600126,-0.09700937473235036,0.0022812290173406073,0.011041122910931813,0.40149720940017947,0.09548862724122878,1.069065098223272,-0.7672819726884061,-0.033963193993267214,-0.03417808884347754
600127,-0.04214297482584475,0.004140302728893824,-0.01071655049231583,1.5337744046685542,-0.15843980468982588,-0.4325846644166588,0.2824341932452865,-0.11855689427562772,-1.0940474374629976
600128,-0.13154083781478276,-0.001168727892571841,-0.0031898059907099216,0.3096424483791303,-0.3991025619237236,-0.16763896963348038,-1.3780058161283002,0.10673127403326074,-0.4627413624417423
600129,-0.053131094665165086,-0.015436427155004394,-0.00729258980044832,-0.23854672551119466,-0.4292779876852595,0.2840525553535596,-0.9902837755064822,-0.094017153530288,-0.4813675680129946
600130,-0.2487160563526505,-0.0012607824005491305,-0.004080765671333853,1.9891027858412145,1.4055389606911823,1.5075512542371723,-0.15495841610748246,-0.23939899564053485,0.10271915898904467
600131,-0.08765105045597048,0.004757377022256092,0.012449661728663823,0.1094654869575697,-0.5642464781270133,0.010026575294338159,-0.10699696001235227,0.1806257026254778,0.008853306635919423
600132,-0.17629734280031192,-0.03144764228615151,0.002352981242536965,0.24334269809498096,0.3748332085092165,0.5158400913934043,0.1871241153821544,-0.6652305639727454,-0.042894422641246335
600133,-0.036728990363364016,-0.024152677771605145,-0.01204773219945859,1.2581072826003692,0.6915235812494975,1.7572209020295868,-0.5155176227603305,0.8637967553945455,0.27355537577705896
600135,-0.08820445528088597,-0.02075900035971128,0.0024806545632614536,0.491499909742236,1.1339461380931153,1.0771628710113312,-0.8859614438476527,-0.04607736229873578,-0.14122929179860672
600136,-0.013642727337592309,0.06270506192341371,0.003380411815310033,0.08442613797056843,0.7639362044605202,0.8017597688002985,-0.3035000187547379,0.44193399628908175,-0.02824062857351785
600137,-0.1519602491999688,0.09445041095162243,0.0071876070620691184,0.406494340165234,1.1796488244966985,2.1350858222505047,-1.4141840794041804,0.7700819973752376,-0.28355213121182005
600138,-0.0891548931516696,0.01733254350482159,-0.022691984081583048,0.8242204630147464,0.5083587075447116,0.06603785356622613,-0.8583842952496995,0.4943884169977726,-1.2315644104009724
600139,-0.05971942290472504,0.0962172526968868,0.024339766472101815,1.294833563218634,0.5934620117273578,1.259069067907913,-0.7825238860794799,2.310591284493463,0.6811302170042518
600141,0.2646456744773266,0.04474671090601896,0.007139950372898208,-0.7750322598124069,0.4188928199521109,0.18774141522661567,-0.7040285910958999,0.6474171662967003,-0.3421957410976453
600143,0.01911262423183608,0.010271955868155295,-0.007703995494572208,1.0116573621043008,0.17866886469434126,-0.4049207323766243,-0.5487876842780813,0.33896779596505905,-0.4196147144919307
600145,-0.06928029707529268,-0.039856667195928994,0.006251044477046405,-0.11997613334842044,0.6591393806049031,0.5908393822261422,-0.01963720582021752,0.7526447104788913,0.8341852008564685
600146,-0.07949551323007634,0.036604384492774485,0.013465455745118642,1.3407173227510294,0.2678179806857476,0.13561912763678896,-0.4797302255300807,0.8632932162706441,0.017411583083803358
600148,-0.09168194158539104,-0.014694055445996328,-0.003284706894928996,0.20602250135920808,-0.32391619450198056,-0.85006667819852,-0.6756174942152445,-0.3220973864696778,-0.5141554890789479
600149,-0.10204909353898453,-0.022670385458024862,0.01079529419733012,0.8639519655248249,0.5969182412100658,1.4948831752930152,-1.4132582961715159,-0.3438972086913857,0.7701665907768959
600150,0.0007148860878393588,0.03698711159595425,0.004285108476162286,0.8738795461111982,0.5076948192594489,1.2664561134956265,-0.7264341301053193,1.5861913477972032,0.02297808523996411
600151,-0.15223354897274666,0.010781008684215443,0.01863038403565996,2.9519624365703114,-0.2386715567757499,0.7566188377984329,0.2447086844114412,0.41230486033180697,0.6980389711892168
600152,-0.06556366058940089,-0.013000429826484364,0.011774105656700569,0.554770283284918,-0.17748495184726146,0.9316524091059462,-0.9455263428146644,0.02843868571280765,0.4099783784855321
600153,-0.0466856335317376,0.010518439775062937,-0.008098817464941007,0.9392528099448628,-0.9757279613589948,0.4611763858748218,-0.7070800062088091,0.42326742357854624,-0.15235828993462558
600155,0.08263136325662286,0.036546509913233764,0.004344238809696465,0.7172037648302025,-0.30269699464029964,-0.6489902330031438,0.1747196539000206,1.1169671454342032,0.0813852662981474
600156,-0.09230173607523973,-0.008406127444647273,0.0016271724202087823,0.6756280700235937,0.18521039600998526,-0.2580756406790206,-1.0787316046780242,-0.23783412867087345,-0.4352027739380921
600157,-0.17903644352450662,-0.034928978976715555,0.0026568973935103546,0.804982311386892,0.9513088820239058,0.2614070214047781,-1.2966459504935606,-0.38295159427028463,-0.02185972366614997
600158,-0.07255933675924166,-0.04648942728833837,-0.016270798746902758,-0.03026357717336705,0.10181425363578776,0.3085433369765847,0.09915513483839757,-0.02094206090246391,-0.4082161355153578
600159,0.028510376953017363,0.020809117235197242,0.028295963538851176,2.1168341097844143,-0.8507848328714378,0.4448511993145792,0.5867973613502515,0.18190182721503387,0.5555398515930396
600160,-0.060725165140195186,-0.01605737913834638,-0.0011685393050559249,0.7026138120626296,0.15252603176139093,0.11594846024807855,-0.05012644712593072,-0.4119087200584869,-0.371169090968208
600161,-0.08088186323902141,-0.023723599071156128,0.0014814681646229686,-0.05891217784869642,-0.27234533126159144,0.5329907416873056,-0.2983443410662097,1.0826807964688334,-0.4921526581424485
600162,0.11599713951550805,-0.02019528765261837,0.01298863672958136,-0.9075958579616148,-0.6456656642828684,0.1096658544555112,0.16946580535487818,-0.5984246976128264,-0.3077200563668621
600163,0.12335131420936013,-0.016170423022469706,-0.0007106225243230426,1.0751444606287552,0.8733403252195647,-0.08865892823467776,0.6448010113205312,-0.041056276140883516,-0.2624390964653736
600165,-0.08671932981557376,-0.003525526545019896,-0.0003962089105888373,0.888894370386098,-0.5869317784610092,0.68691652471604,-0.6764885363933709,0.017672256163464458,-0.03759885885246368
600166,0.10101607279492557,-0.00838383286832413,-0.018316948790866417,-0.6674740404880829,0.41895347663228905,0.7780950473385314,0.15183123082526492,0.4560824832535441,-0.2736975473470463
600167,-0.17187792347629333,-0.035816854663545485,-0.004009567237686971,0.2487598659464463,-0.1133056653800926,0.932546447749912,-0.7035448632821967,-0.20616285406260346,-0.5377368181336231
600168,-0.03259658633390855,-0.02704784395033296,-0.005000560634907364,0.6641044630856544,0.7751675610756705,0.36423571790849857,-0.4565610268797133,-0.14879174190827266,-0.5145235958270357
600169,-0.04752957182688779,0.014546646646167928,0.00029735099826853564,0.0322185953214808,-0.2485240846616733,0.11970662814244375,-0.6143641195616026,-0.15906686536190442,0.09012879085212223
600170,-0.04843104241473743,-0.033238639553454664,0.0010200672857158116,0.01194281022004783,-0.08783163388233639,0.19095788223463853,-1.2274283884099113,-0.9629083537209564,0.25951241051207136
600171,-0.06131882547930734,-0.03714099586883253,-0.003083865986785336,-0.5562921584314277,0.07928634706823177,0.4346870030345468,-0.31911896599237793,-0.7630791763849892,-0.43804052324652737
600172,-0.02776496440481363,-0.022559488588451502,-0.00022609923516292256,-0.12814709935747245,0.024062043435925325,0.3607788608419685,-0.3667145383369011,-0.728186139688461,-0.4963561185277309
600173,0.016180843596905886,0.008793018651288221,0.0012238302002463113,1.5390637895654895,-0.4517727137243933,-0.0026684638257839107,0.3761101643966857,-0.5106540949904064,-0.5645153441172602
600175,0.06645449146313409,-0.02458318195069341,-0.003275329265851645,-0.6813103225418715,0.1379651066966622,0.4327930523787518,-0.08429950956956515,0.13913738542633886,-0.22553404329376234
600176,0.03881729967252419,0.012326756183604027,0.01937493257387516,-0.08664633136320167,-0.0432258960957073,-0.5110674090815754,0.3046278417182755,0.7511374571920002,0.6246409877966004
600177,-0.04758438299532866,-0.0245839885892958,-0.011156754942003437,1.471363545500593,-0.19311724850674766,-0.2117219399454056,-0.818902984458565,-0.9419583171740048,-0.6882877080774347
600178,0.03669712258366409,0.001770953157609587,-0.0038006840396089814,1.6246558993199658,1.5457493427386244,1.381821797464564,-0.02777978509992407,1.2768159372102252,0.6153684076824782
600179,0.033486177725003084,-0.024911888327628563,-0.002719952867775606,-0.5513425174673503,0.1042719577506425,0.1704833692410342,0.13851758738135758,-0.6104732068685575,-0.7062096068534787
600180,-0.08489959849130638,0.0010641408663689608,0.02236068717532124,1.967566697054506,1.8392902983677069,2.454866532491816,0.02114598458101821,1.3958147233500522,3.115605253513952
600182,-0.013357572286706476,0.031789645326173205,0.009528644200026382,1.9352046324820509,0.9219351975896172,2.0159253446292067,-0.6826571444699977,2.515206961210735,1.164792427872979
600183,-0.09501425290712404,0.03098115888837025,0.015085035386040538,-0.28780093542723445,0.35420283322347995,0.7706545771549627,-1.1718005847838249,0.3596337067881864,0.2669081818403714
600184,-0.2076546873428036,-0.00449751736309901,0.02533112319410561,1.1186215425496282,-0.440584803406605,1.0800718702688736,-1.384028089955379,-0.5497196781101598,0.933750355951344
600185,0.10743242369198007,0.11632581664107608,0.02162134351306689,0.8412404352318663,0.19640830146057536,0.610383246912487,0.03994422048935292,0.3295466617899011,-0.25364823976562856
600186,-0.0877262809274939,0.010736008240241237,0.003865260810716247,2.3970040643413286,1.413453924869707,3.3580846109774267,1.127126777422797,2.418978452801294,1.5897445709693097
600187,-0.0587561307914882,-0.0317461515958168,,0.7375613559041995,0.2794799625369201,,-0.38529142494237545,-0.9508916251488192,
600188,0.10138548154461666,0.02690035275663513,0.007537673523002174,0.794689065283666,0.95292786550975,0.40608261194622497,0.4944397880527342,0.377039471515474,0.13213397533658205
600189,0.20588396083622093,-0.016161971950773055,0.002084338566986628,0.480015405580741,-0.7016907413677608,1.0501308586106337,-1.5894544174330891,1.4637810116915466,0.4218480316525774
600190,-0.016920402010386776,-0.03420550424950807,-0.014616584142979684,2.4973483498943616,0.14761526302307595,2.191417534846693,0.02106729650795109,-0.14046138317082374,0.3371680274143627
600191,-0.07056843464335016,-0.017377360897328796,0.009316790863611141,-0.3752498158873053,1.3567995493190437,1.5057966848401108,-0.942376691895542,-0.3138200250042534,0.5179634081682597
600192,0.08795009229409162,-0.03767622553407096,0.00954788015942986,-0.12043832646208705,1.2596938175432073,0.3216563421290919,0.4068798246431024,0.6458477954660709,0.4987124391650902
600193,-0.1694487044690539,0.041644851802799344,0.010803734758189932,-0.1307662178943218,-0.5363474526948816,0.05331313331527409,-1.4679521864727705,0.5141150948409176,0.2426137979548595
600195,-0.0685798409449377,-0.01467116787404444,-0.035055566259492896,-0.30767251531446993,0.5223020414701129,0.7724099576364158,-0.4340515608791529,0.36018113499809673,-0.4549745420036253
600196,-0.10750668365435764,0.021252059145785027,-0.007417718159935209,-0.8783983480925857,-0.4572286203852702,-0.10269362074258738,-1.1779295022031215,-1.5158836140163443,-0.6080176062647012
600197,-0.03937507891697997,-0.004670173957398916,-0.010774463370856958,0.049312532967845865,0.2819730877654658,0.8934644971174137,-0.6633785512111144,-0.14373512187077347,-0.750055691991258
600198,-0.1533500807852957,-0.06774022333284863,-0.017298371074519325,0.4352895433500444,1.5265132171915297,2.0075519007173144,-0.26402766059529864,1.7539427812467925,0.8520872772937316
600199,0.0018954815293881907,0.0013242068631687547,0.002575053782998783,-0.3141861599051276,-0.5483597919404959,0.32293668577957074,-0.3828258093205142,0.049951528213804906,-0.2003800914824342
600200,-0.08482201062156478,-0.02680755420093324,-0.024220730846621668,0.7944378211532909,0.1582547721930101,0.6828371613712771,-0.5732219037301445,-0.2074885934901209,-0.3573316938461575
600201,-0.15864129825678175,-0.03588218632397789,-0.007560747786187188,0.15617491107169829,0.4617578320888377,0.832135874167203,-1.417161803269824,-0.08765207454737826,0.15112234939274002
600202,-0.13009131750314107,-0.014104626422640452,-0.004426820543714277,0.4713742316500683,-0.10780478272565408,0.14666465225021658,-1.1194839250379252,-0.35425713649500795,-0.3637588970894172
600203,-0.2102714055966073,-0.0226766997674617,0.00308050283294623,0.5767860155421668,0.26869116458056824,-0.02176925989471829,-0.7088016770830672,-0.6698642646639986,-0.3848904631013725
600206,-0.1305531712193373,-0.014013757650219227,-0.0005576027380894202,0.28834430286899343,0.3251213299402136,0.9320208972449744,-0.9393329077509124,-0.02913776458509879,0.30038290488500785
600207,-0.045407801867737664,-0.02229006250337268,-0.005945398886921477,1.417245643408334,0.5005737709205286,1.0449301496912011,-0.9910507970440954,0.28801576628061537,0.02906794868869118
600208,0.13271281612132846,-0.010445751965039309,0.016324622270425547,-0.12006169364064878,-0.032132481910172116,-0.18088547041245467,0.8348538457764203,-0.25465572383734736,0.1948152840649804
600209,0.1310587832189208,-0.06081568813555294,-0.02951628980832342,-0.09431446797354946,1.514038912373364,1.876478482026393,0.5467911641828457,1.4448542784118417,1.1449563045491715
600210,0.049968884125473095,0.00594228042611053,0.008029381820986708,1.243148063661136,0.19473873269800854,0.04258270783139213,0.2948004402993359,0.40020606075533977,-0.15827633507945138
600211,-0.04337563259535279,-0.03440122642246572,-0.022402846355674296,0.925905522312088,0.186216257307214,-0.0906097700726918,-0.4832751635561657,0.5856044135862827,-0.7896776743679901
600212,-0.1757866470943555,-0.017413424009437954,-0.00038107091548680877,0.5525252777376031,1.41127338125295,0.6160058774874564,-1.8207139551396945,-0.10421403460165383,-0.5786160875603329
600213,-0.13453092983300424,-0.07131101734730715,-0.013820000547297423,1.7320209126756256,0.4658227172254011,0.6907046250861482,0.6432625251275476,-0.4299278362319652,-0.4397359122600678
600215,-0.017745031445824542,0.00816186768512972,0.011211383024467026,2.9200662050716075,-0.8261504589296738,-0.5170024384496485,1.1541191549119745,-0.041309687937831734,-0.034153864436120375
600216,-0.12271200169577433,0.013460789922367052,-0.014103446476071934,0.32637064793720344,0.2664777920128135,0.4763125646921218,-1.4136705163920322,-0.6402598919518823,0.04529349839312408
600217,0.03623122149289569,,0.015761762749327758,0.5906788552697108,,0.2581991843348577,0.4307455225424408,,0.05022808818838103
600218,0.018861693070406086,-0.014173699112769125,-0.0004446017429383456,-0.4338736268162258,0.12929532219769804,0.7503558710700391,-0.09927444110493684,0.1428904396533472,-0.3197620524128761
600219,0.009460688205719605,0.03143994584445112,0.0227700546325684,1.9176889538317248,-0.11788413795231645,0.284461262850966,-0.277804926541154,0.8559228454118059,0.31415350602698106
600220,0.014523627871639896,-0.038177410850091714,-0.004951977161691507,-0.10022201901034354,2.0448579224074304,0.953594411743922,-0.036709476499434124,0.2627824848820539,-0.1399576599324016
600221,0.0918626509975724,-0.010658011210938822,0.003490045606432051,0.5785009798786808,0.5510682817659788,0.1666481775799943,0.5775235394947327,-0.6817963888997595,-0.5261811325788255
600222,-0.05381919362513697,-0.01946561821487118,-0.01980592461734884,1.1638673510589217,0.7111608525310745,0.4108718954668909,-0.8401488438918747,0.7642115519888151,-0.3580430407849867
600223,0.12280365451827566,0.02837390710297737,0.03253937116862755,0.5626395818764331,-0.4665369736779154,0.4514077350764122,0.35214260953538457,0.18028696518286924,-0.11615629080267766
600225,0.1018330502429658,,,1.3046809933084782,,,0.5122498440354565,,
600226,0.11209957657596922,-0.025911753419503088,-0.0071357156283581484,0.11471144132309424,1.4544853322158269,0.3721756216074944,0.9177975886836282,0.13073986266463988,-0.12816282220092773
600227,0.04371768256085401,0.015404656869125403,0.012087493431190128,-0.6544258572404088,-0.2146491942144897,0.1702045451104924,-0.4459502131920132,0.5521913839794981,0.026536324684263275
600228,-0.05493517629350664,-0.011911322661497484,0.010901388508742412,0.5244205278249744,0.1123059684955134,-0.6565300888670564,-0.8486392198162401,-0.10809656638741136,-0.22511156286361744
600229,-0.005041575626156411,-0.001443986274047987,0.002418759087637761,0.4715050885108055,-0.14045746122574293,-0.5580042133781338,-0.3922004116039794,-0.1146114952963335,-0.4879408317067495
600230,-0.02614215634657288,0.0923274580779679,0.027708205357932884,0.3578719632002316,1.2412543934109674,1.740766113147504,-0.6369485127004025,0.7495640447996936,0.5123646202560563
600231,0.038172488498507295,0.050495211901701864,0.02810860415968487,1.201206598647102,-0.4675603078383835,-1.3654659832664953,-0.07560774588637477,0.7468906536791092,0.18499630260521546
600232,-0.010115473882983115,-0.014513563515036378,0.019525126548854896,2.005096747014216,0.7324205422466954,1.3191902782221911,0.7382936217485244,-0.12733327486527696,0.6384616472070748
600233,-0.04728852770632208,-0.040620680956766436,-0.01209396887695495,1.0932364654420486,0.2152445786772308,2.093170914928742,0.4973177467233963,1.957225823964055,0.7853339032822997
600234,-0.03807637040507295,-0.031653884475607214,0.0046621282390431435,0.2418028394964053,0.007629589595909127,-0.10550262301117223,-0.5842703891348267,-0.464093262188663,0.20642641641495185
600235,0.06279167516186153,0.006490820616264862,0.01575394553575754,-0.28036216613279386,0.23843325410598834,0.9510513375086982,0.20132129401535412,0.5992948231414997,0.23947866928547645
600236,0.013488319735220938,-0.016434663256676918,0.0023276436836275685,0.2294910730790625,-0.5876362770801308,-0.332299502685375,0.24316288548347764,-0.8720741432124728,-0.5036490680737182
600237,-0.03809273449608133,-0.0347433829429748,0.0009841616593973671,1.5763836146794308,0.03630012632611531,0.6407362806160578,-0.4683257307178459,-0.14227413071513365,-0.20764229804906384
600238,0.15185399003687167,0.013693357321555829,-0.014065068243511008,-0.06723319076433061,0.2436450379534121,0.6230246567978877,0.946432238141028,-0.5970139655365612,-0.41953790511671657
600239,-0.019183897795757358,-0.013419249327619079,0.0038319479688637037,1.244065665373532,-1.0358066630389209,0.5300541196830186,-0.4092365050543339,-1.1107281462986711,0.6990002974506402
600240,0.018888600462285826,0.00859537778043987,0.0088437386177216,0.661795491528813,-0.1984981982347803,0.5750668416875572,-0.10475667732182968,0.14204913733593966,0.04499189840555483
600241,-0.07166594048305983,0.01854143598253092,0.0018516578733316844,-1.6791169157844354,0.5014423960846999,0.25441504127722864,-0.8214068915820204,0.16271963681425486,-0.3372031488518661
600242,0.03739667001711744,0.0014366742676147903,,0.2307792243158933,-0.2159532413466485,,-0.24394473934502145,-0.05764211132870585,
600243,-0.054180173271285235,-0.040672378345767035,0.018585397759040743,0.2925319983976752,0.22265254333628007,-0.4912445392482164,-0.3850556986397365,0.1734558731841806,0.015121161552896646
600246,0.04061809051150239,0.0182571445024467,0.006895396497829337,0.1567232474691768,-1.0533859407644486,2.9247422122303437,0.14961454458471807,0.26458778755341755,1.463148115569459
600247,0.008894279608527927,-0.0066913013886348155,0.012982800628442336,-0.5297607112480002,1.0387932230617485,0.3560947231559887,-0.33026889099937096,0.8749102699992477,0.30620233804710906
600248,0.1450943990086419,-0.03620662556854064,,1.2875656697593945,-0.2141532336210177,,0.9802820236743456,-0.6851843004793113,
600249,-0.03334440857911074,-0.010674929669843788,0.002291936283054264,1.3142214058634498,-0.44954686208869865,-0.004998485776869876,-0.9038588146973114,-0.08623940624797546,-0.4247860627052197
600250,-0.1479424580085536,-0.0539654749502948,0.0029158516677706236,0.6246205388994392,0.5349871247502265,0.4796039291679185,-0.9280197956598903,-0.3371855944553204,0.5056596586373879
600251,-0.04089999286935217,0.024995566481121282,0.008077329770775727,0.6444514006444275,-0.18708089465593344,0.537078862606039,0.18015021962807026,0.7789002319520746,-0.2607800029370602
600252,-0.2509862068907403,-0.006493676531360775,-0.0015946408396377149,-0.3597016551185388,-1.0450203698950888,0.9590374722313896,-0.4962254489522496,0.1201566286204172,0.178093804996716
600253,-0.18443357305197786,0.0007635271896677285,-0.005840166159683229,-0.2377493326911481,-0.3054965381286679,-0.2530113398505969,-0.8925936376419741,-1.0479466018695405,-0.5457737362065209
600255,-0.11003362683214787,-0.031763047673763686,0.0059644133754271356,2.8836966366505803,0.07766514176772972,0.9706505047636674,1.0183027854096127,-0.935422794052124,0.5582478972547665
600256,-0.15842670939048692,0.005817359243561868,0.0040044331719191,-0.06656958983436267,-0.3712314507585116,0.0413725543776933,-0.7903268278741009,-0.37212557186703216,-0.3749982979235715
600257,0.03129862414869184,0.005044656053642705,-0.011685307958641427,-0.1404808860745501,1.036706094443923,1.5900906244677282,0.03268021253197012,2.1675792312267967,0.7943709015102511
600258,-0.07401349475796498,0.0492585790326783,-0.016950906145788303,-0.3783007402452024,0.8859533469565465,0.4601238936394616,-0.5660752772027828,1.1364960826408994,-0.8206411512567816
600259,-0.013929568791900729,-0.03473153003327116,,1.7604061710756096,0.04398641005801447,,1.2259195171433377,0.7205182913104425,
600260,-0.04860264699252423,-0.008911839566255075,0.012738905728318522,1.649693637905879,-0.4259243190772571,1.5206127282913566,0.09483699155474357,-0.4337681993957321,0.3786578757490487
600261,-0.1236098505110166,-0.016825020337018357,0.0011061094819667903,-0.08635196797132041,-0.2314816171002505,-0.5705975170703976,-0.4733916637823497,-0.62932616246601,-0.04349337568050437
600262,-0.0973493768255515,0.056623190976472525,0.01877297010206989,1.176341628815862,0.3416161275120974,0.14116012705456876,-0.971251611721134,-0.10586458476772613,-0.28464113574112976
600263,-0.042563233750327965,,0.023487037208532645,1.5511081042210075,,0.957379007217902,0.027896268308729436,,0.8476324069679521
600265,-0.04530712814191089,-0.023833100422747444,-0.008823572850602505,-0.5006130482358638,0.9174546466646812,0.09358950566985336,-0.5671972537961232,0.4983832896427709,0.023348851269320056
600266,0.03811841770801477,0.00825997439630045,0.022247204933611226,0.6347358295511669,-0.4450703739243091,0.05568088137321197,0.030714244077577106,-0.06893910800569585,-0.1513025938741003
600267,-0.04836516101260916,-0.0047476236339400865,-0.022814012361285645,0.11438449365475813,0.1172346520235612,-0.2476526450978236,-2.0179422461975056,0.4135922597760524,-0.299981026637835
600268,0.08621893751383758,-0.02677492101898168,-0.0006215195301819893,0.4349935282073713,1.1503916701301928,0.6948011069638537,-0.07583004712760845,-0.2514565845401755,0.3153371958103103
600269,0.12269516649924125,0.05327215734849768,0.0006946388629086518,-0.1823715176331306,1.0269936869514371,1.4726675642786018,0.6301811893366844,0.2576417672826591,-0.3865551191125859
600270,0.0005256301320832879,-0.02449639270602156,-0.013497714323934129,0.3335660272889187,-0.5454267728289095,0.02668338519449361,-0.412244997898693,-0.3831558804462656,-0.8484175473203867
600271,-0.09882232489786057,3.813803609206821e-05,0.019319663990497823,2.382787617620957,0.21594129611087606,-0.0944610105428952,-1.0207834142265009,-0.20614496759493448,-0.0583722810238401
600272,-0.10194946991458978,-0.009738465421798395,0.005490402357122792,0.19134089581994984,0.4862223386595729,0.5439976411156034,-0.9661757776407413,-0.5722440711609206,-0.5572846932842537
600273,-0.02759318390422459,-0.026266355728618143,-0.0028670003814154107,-0.3476326866046793,0.5250060881643807,0.7832296563013388,-0.7669621618329736,0.3802918654424191,-0.008649576044702395
600275,0.04326107177344915,0.0010490755130890001,-0.003875178349236999,0.14477787901134065,0.3066656623439824,0.6817234430047139,0.2071564644913164,0.0456575730655365,-0.34673297842833284
600276,-0.002517448715860925,0.022967971647694416,-0.009067604528008087,0.010325647283031026,-0.3208652207648527,-0.3932308200367315,-0.25869861780464803,-0.7078184256326743,-0.5776690034904635
600277,-0.05936104474500445,-0.04152962616318687,-0.017792334707085338,1.1376486502282743,0.05564743380854351,-0.11736836416422505,-0.1958053320979129,-1.097794275159752,-0.9325182435486742
600278,0.033863090489463954,-0.0003939037382311799,0.01010207887503433,0.93606432192932,-0.8802027810444272,-0.12164732487131348,0.1979908904132964,0.17337062967813535,-0.2092029076232117
600279,-0.0611723551492355,0.018712471942070586,-0.0023678019574591425,-0.111739621450547,-0.06102701920653381,0.4232244992416399,-0.4109102607530845,0.7081961389299392,-0.0035493392813514923
600280,-0.09438403609709096,-0.005472563153840516,-0.023797889561552592,-0.5199759616493587,-1.1534540326344476,-0.07318149998500142,-0.33656929272619224,0.039861944934063455,-1.3445958589210345
600281,-0.04630683287201712,-0.02054714555165213,-0.007748408392546216,0.2705244875287411,0.9896022687610896,1.1302660926256074,-0.5886553628790093,-0.16818273091511127,-0.5141730519149632
600282,-0.02087895765010153,0.02958740716908254,0.004598140771228294,0.6858905179620478,-0.25598710726396745,-0.19641549537325345,-0.606973187386783,0.9340853384339184,-0.0316617087069381
600283,-0.19088483376093704,0.010317077580810512,0.014132341605480587,2.329935097806085,0.08315075627045429,-0.4461459347940423,0.7019430835300945,0.14672106984314606,0.08926840853702353
600284,0.019973813231434656,-0.004838539892357215,0.009777279545342256,-0.582932901509053,0.6464244877689008,0.4855418205459265,-0.5384200411176272,-0.4435180968610993,0.25238092235215714
600285,-0.10535671567770012,0.02609439268627051,0.0038358034866389328,-0.4911484813403106,0.7266339246044591,0.8329793807445269,-1.1208414704270235,-0.22294163081259608,-0.2891152677324998
600287,-0.054429433905939816,0.010594103833932854,-0.0006630924693734226,1.6628586726533023,1.9778057796036468,1.205466307375616,-0.8109348432962568,-0.13588794432381862,-0.6315817984330508
600288,-0.09165136896074946,-0.047300954275141166,-0.01384036175671797,-0.4174083906724764,1.6192177057711556,2.7569128757064774,-0.8328947350180402,1.4808319034146264,0.451229227694531
600289,-0.02890435252593342,0.01129371216429303,-0.00770557961664257,-0.19846730024880926,-0.1872754330680696,-0.11029466125997726,-0.9353450144816275,0.7151789557131298,0.011078676149605208
600290,-0.18381662130393092,-0.024218543286868014,0.01682637567083394,0.6686298136885458,0.8049968085314042,1.7684766737411954,-1.1841531339646059,-1.0517419833695865,1.3331047107945135
600291,-0.02890922495452544,-0.000781135681603682,0.01754641094703101,0.13880049425971674,0.027869910106840742,0.7010169337427306,-0.9281019717644086,0.15071438428136355,0.5294306345439563
600292,-0.013968563219716013,-0.01959436008711966,0.0006968045165637871,-1.1180771948246888,0.0454329654024294,0.059403389327928914,-0.7976743394229681,-0.5481943958860155,-0.3513593340430511
600293,0.03890438546416713,-0.010372950140182758,0.014198273439166548,1.618596119737186,0.1639180216058083,0.9961096483758104,1.1646230219633442,1.0244762130864369,0.946136096023853
600295,0.03377619278151661,0.013175062098475288,8.259991164664623e-05,0.4342547350092402,0.9976580968579704,0.37026630018562856,-0.3101077881499492,0.3507231375776059,-0.2746542225186415
600297,-0.05345022038918697,0.03679598297859632,0.004971758726635628,1.2017932008543752,0.3094210050960332,2.7836881495421784,-0.35744851078502793,0.7664441395527258,0.8507612695611955
600298,0.055114568749823616,0.018037009007377074,-0.002307160745213895,-0.5625395006569411,0.2552537904902665,0.31831861222887714,-1.1208920187746685,0.3085126019916016,-0.4620190191396664
600299,0.056724281913867636,0.02952258273447385,-0.0038977718174755924,0.5688079535587562,-0.4272778776513583,-0.463194772036825,0.004499498267384802,0.2203718560790394,-0.5553195226363723
600300,-0.06465536153346896,0.06285136582544354,0.012437043903016904,2.1799509433924014,0.14271775439047965,0.5570068648514748,0.8483559926311826,1.6489366192069932,0.6526667780953505
600301,0.004263330328086623,0.02088699603810639,0.003487744011502803,1.0757112482437443,-0.12046507990293802,-0.17435394632260529,-0.0036564155751215937,0.3024438743599437,-0.17939357619115998
600302,0.15312435241635336,-0.004295649540144465,-0.0023926537236198878,0.5139885454005277,-0.9226785394084752,0.12481831714668327,2.092307084547441,0.4955917240748172,-0.26715147603091605
600303,0.0355011783421498,-0.03321578710487772,-0.006230738822090074,-0.0956859866255239,0.2704459353809237,0.5264410483086827,0.0488826806314581,-0.53669740967387,-0.34284705559585865
600305,0.1158411364298744,-0.01207752589571053,-0.005147600128692741,0.15462811161980725,1.4383685067057077,0.8370548438206232,0.5029416550018084,0.06774150715294279,-0.4240544040846577
600306,-0.12471477353131742,0.009533020120659864,0.012932742420033222,1.4871800522107708,1.0609700030217464,-0.01742315864743323,-1.3511477254343436,0.07133978449638942,-0.8671419923377605
600307,0.036991090619379635,-0.0022621748935850138,0.006172192246820182,0.6192309103368517,0.4511580856878414,0.5717302400583443,0.07104926551276594,-0.19714590047017744,-0.15045803166436866
600308,0.06540905588457616,0.02166221492128717,0.00771279813593284,2.5943501778923106,-0.12870832199633714,0.27868786263401096,0.8005938791246995,0.2914477790505325,-0.2951154764715692
600309,0.014880232007084963,-0.004218547007808293,0.01024273566049435,-0.03756606469348739,0.6607473111490529,0.4389892767152341,-0.2147786369630967,-0.055235167685210806,0.13777472555963474
600310,-0.027092732999353344,0.011984747739021194,0.01901317423149253,1.1647116802146558,-0.28269544413935305,-0.2312711744848958,-0.5617381416185644,0.17827478440102235,0.2379894550359437
600311,-0.17379635807941096,0.01912829803499581,0.025009761352274545,0.6664107031492124,1.4236624827130455,0.8371767264084037,-1.8787833679463608,0.34549318182255706,0.7924538469972363
600312,-0.1353580568337362,0.020602120798499497,0.018344900640968685,0.4742796529633821,0.33168262181937835,0.8441204091764544,-0.3940320355169128,0.7598266622926083,1.4701665588168262
600313,,-0.012164385481512064,0.003908536236265126,,-1.6964206316818464,0.8743937905312622,,-0.6358758379414322,-0.2987416153324848
600315,-0.13391621559083028,-0.0052200437078551536,-0.0022194615670368626,-0.02291739598014956,-0.8156757401492322,-0.3464103505427064,-0.5645582286498367,-1.3535001848488215,-1.0793507582150448
600316,-0.03807047358245602,0.07161526510095732,-0.0005922125885705759,1.7099423179489306,0.029700937865853688,0.7358948549620103,0.2928655186400857,1.4857737328309957,0.5175327720674889
600317,0.154780268854626,0.03491858979900924,-0.002201561456759321,1.764534598483431,0.657880452016943,0.9046872902588421,1.9500194930963977,0.2973371269234488,-0.3620814945174799
600318,-0.1094041834413521,0.026611497701740074,0.01735731508568579,0.6361184944289405,0.2417700840179986,0.4840329908041438,-0.4181731842892221,0.981908197278105,0.4954340766851687
600319,0.046243451690589264,-0.01083470141689716,0.0026924211060246946,0.8845024296064838,-0.6330128691566373,0.3541787766991682,0.0863610362774012,-0.24620636649870545,-0.4688811064501615
600320,0.10748176359679028,0.012863672511896554,-0.008748864356056409,-1.1956307432028632,0.17929581966030927,1.1299197556970313,-0.5395897157484766,0.6002634567938515,-0.5242593340482767
600321,-0.037947353842091434,-0.03688451258339635,-0.010562759442702348,2.435112716457719,0.5899887223143104,1.4676685430512604,0.3140642235793592,-0.47580784866657705,0.5056241695252938
600322,0.03757038357274503,0.005271989066376245,0.023553870326192584,0.1139517343000652,-0.09520299898027552,-0.3758324146973279,-0.06942627094057886,0.028263649309171995,0.06203345919494256
600323,0.0005848572376836031,-0.02305430571969102,-0.004758057091644457,0.7085587476219007,1.1383222321257167,1.0031557909581776,0.015400816146586484,-0.4318010223268767,-0.3768981107172278
600325,0.07888630121535689,-0.03331117919551732,0.01890174473047292,-0.5698027332389766,0.2628305480515507,-0.3787589756079779,0.2207980266616197,-0.1141815676260724,0.012152306965926934
600326,0.10039782199657599,0.008462224399155956,0.022549123415795482,0.4012900069779731,-0.1432762428986049,0.22497426653363908,0.4764483088786069,0.5357204077551208,0.06615054265521311
600327,-0.20894565525402936,-0.002881664559272983,-0.011550519791750431,0.16745742234474045,0.27926949507738325,0.2292961620714772,-1.9222171571853428,0.17302300036247087,-0.8308371463599789
600328,0.005794168082480372,0.008840793870181402,0.002406056281133306,-0.2013495078760601,0.5604141993957173,1.151063403543881,-0.2263323390275053,1.0989490090080771,-0.10308051947860572
600329,-0.033182326401657775,-0.011035921304850269,-0.007517641265095546,0.2839213324162925,-0.9346115483039912,-1.1055957261646039,-0.7543441442270782,-0.8561433261720891,-0.5942543806543351
600330,-0.1822861597525589,-0.06495837492328069,-0.02747089931085297,0.9191969086697241,-0.352278748044954,0.10466485353701456,-0.7768078124003465,-0.4150107934733628,-0.7476772407270347
600331,0.02702957351225993,0.024845391205457718,0.011324844964655252,-0.5534661138419597,-0.4901313783504218,1.76442523387841,-0.8496785977016285,0.5757937386210359,0.2231925753464534
600332,-0.06389301902669656,0.005867877607845263,-0.002253386289673457,0.1377758961675226,0.2856406503157496,1.7350973355436332,-0.8349896101253939,1.2640516663838621,0.7020424281818985
600333,-0.11633044281689718,-0.0005139568810013208,0.00020118916563261792,-0.7582536967853628,1.0070395880151102,3.104668368667044,-1.4173467225377154,1.9892528169193449,1.1057093684352028
600335,,-0.023828163233675585,-0.01489392353928684,,0.5807380664722448,0.4919173631239866,,-0.061364372202123214,-0.2581299572025389
600336,-0.11248358055850877,-0.02349986263369888,0.02495029310621757,1.9074167215941649,0.6694476160063715,0.7480897850426759,-1.2247929615295987,-0.4845132061253298,-0.28823135770607083
600337,-0.15427589909798728,0.022424042703564868,0.00706188451590099,0.5674827786804424,-0.4855786670484851,0.6963578462447032,-1.3247260605059406,0.5006844546627008,0.5354826931146174
600338,0.15676643062130827,0.06399570509086691,0.04996563537415346,-0.558373918785713,-0.09120161484336324,1.0187151454777228,0.005770905487245187,1.2500578669814646,1.4779038489644931
600339,-0.046909420084899095,-0.001411773262292386,0.0031270795446228065,0.5541500949967629,0.6188543026878248,0.4982206089451084,-0.5413718122136968,-0.040483817336290084,-0.3550905004409359
600340,0.3168011646801704,0.053835169333509694,0.0017580360441688918,-0.3256652305194808,0.07430226668751277,0.6497834307045408,0.5997279501387496,0.4047065301450529,-0.43838025691224747
600343,0.010644141173384957,0.05595154055494468,-0.011963664393436059,0.2273138784745947,0.22155084939187453,0.5884058976425552,-0.08155759120425256,1.6117711397580892,0.014750034087937416
600345,-0.059923225108069564,-0.015075243944838682,-0.0023791431115045593,0.21624678352367094,1.0123254547844005,0.3377408000102127,-0.5522935110982666,-0.3983119699794942,-0.408708869142614
600346,0.04763534214954715,-0.011508978400276999,-0.009748158954128016,0.4772037252418525,-0.12715133235768902,0.17805407278159968,0.5041207080470211,0.0845853879783599,-0.4559447778725945
600348,0.20614877783073826,0.04049325059197749,0.012062782207595034,1.1554825444564805,0.24236885313744266,-0.26034615931183336,0.951972399032319,0.5592069625076078,0.08840597565090083
600350,,-0.017835831892257525,-0.00752830062702766,,-0.09494072592144276,0.2726094870094253,,-0.4009976801257204,-0.09832281774868566
600351,-0.021213015608215386,0.02067713339143861,0.00947931795529268,-0.2572206991987604,0.05461726414693411,-1.02942053702226,-0.9002163489392705,-0.9757934604598192,-0.7903448948911118
600352,0.08640288441513559,0.008776120672381914,0.005590763548728374,-0.7000352920368,-0.13768943580547224,0.7173295692354132,0.1097376932198895,0.12771454473572486,0.031477175626512977
600353,-0.007894809590696633,-0.009015482368949371,-0.0013681151439117693,0.007063088943158244,-0.06461078487549013,-0.3751632663443089,-0.17348566729128226,-0.092567936306307,-0.3484044048304708
600354,-0.17824293895929913,-0.0075716206885603,-0.02164598950629093,-0.3021325611546446,0.019637411124873456,-0.34692682562010546,-0.3412047123229157,-0.06137517566429632,-0.2193797562925201
600355,-0.02758883297731303,0.06177407284808398,0.009324804881462166,0.4097201930104416,0.68596872903658,1.6148152847835784,-0.4069848771094408,-0.02448962420754412,-0.4552986078759925
600356,0.11651720577412206,-0.006786468816577451,0.00653740854007275,1.2917582626251305,0.4800643288971394,0.6737568347398386,1.9158171490093927,0.30665599706249513,0.23154301042694345
600358,-0.06560622530795929,0.01272282563514115,0.0006265560026547728,0.7556598867157304,0.2249756148692592,0.9189489300871292,-0.9113330517913644,0.8301732587677075,-0.35637286023490816
600359,-0.027548011099089054,0.0548493147071758,0.0027605022632456217,-0.025257406838963246,1.209799352994595,2.0742482965122995,-0.6039897380417861,1.6236353226230416,1.3061353583376378
600360,-0.09004586429787673,-0.03392676153997109,-0.010452807903008796,0.5765333871709567,0.3042264474696433,0.6418612187257488,-0.4756366806164873,-0.6362875821523734,-0.7429486759420172
600361,0.022184829997598014,-0.02764375099517128,-0.02669677666224416,-0.36033846719610735,0.4882856673229219,-0.1112669531736743,-0.5501188281994539,-0.5986515327411769,-1.1440495816361789
600362,-0.02954157857621867,0.03046163264637015,0.021343860112421502,0.4288121670334477,0.008912322155837864,0.6617471158949204,-0.7693821545713923,0.9333397056765056,0.1540041119162979
600363,0.10803164108542716,-0.04280982467202324,-0.020176130251763173,1.3750304123001365,0.4087388215569294,1.7848390641526073,1.2522183418555957,-0.043949004780307416,0.5929558886084672
600365,-0.07838775481379362,0.012518456407716642,-0.0003298325663544273,1.359973947470327,1.937441029291991,1.4843350357393432,-0.4431024140481556,0.6604678523056272,-0.35074922134877057
600366,-0.06354857138610967,-0.028554923080067688,0.0009368634745044195,0.049128859816016335,0.5577634001773809,0.5015951923540548,-0.8953029788324876,0.6663307962911107,0.2891276728198209
600367,0.06389122473599182,-0.004496142861943877,0.0073205708791439904,1.5793218393864896,0.6044681353601619,-0.03348834582397627,0.5913673806921005,-0.5086316755135367,0.13717372136054135
600368,0.02517419392116932,-0.028968037716054138,0.01902898368634401,-0.3003710962692954,0.5572567958079089,2.0511296225299027,0.013995733857685143,0.04514254364165887,1.9169578019465288
600369,0.07874134386978017,-0.005237217525065823,0.032962121054694024,0.6400956263473113,1.3158692151069544,0.4910137902313697,0.6395976542006685,-0.4335767199144073,0.5679017168086068
600370,-0.13686057659670114,-0.02196814884223347,-0.0035047077382106065,2.077133897385512,0.7991096223548299,2.9899342684537085,-0.9624581189834392,-0.4245781335236265,0.15125391639567334
600371,-0.07717117437617194,-0.006763881647829271,-0.009480296556654355,0.2984895078656847,0.2611045485422629,1.03693452699275,-0.7835874649610812,-0.3709106914537191,-0.2510334373501393
600373,-0.1215183145888762,0.06050075145165615,0.005859137438658339,0.7807221027238421,0.3320318311301499,0.057201250716228925,-0.022842050530570517,0.737387134488896,-0.3632735371256897
600375,-0.07883859158406853,-0.06713792923806468,-0.016348591192236334,1.5196741665254208,1.2961614647779325,1.6639597646726283,-0.04583180035307265,1.3185664055656106,0.32184557397533897
600376,0.0745340667145726,-0.009578719717831186,0.021697559607386063,0.7985198267709755,-0.2763941928051837,0.12658396811584294,-0.1483164540221043,-0.23545820115076765,0.22428762750770595
600377,0.11268941480785688,-0.0128566867728015,0.0022310706141044764,-3.244806695041607,-0.6681884899238378,0.6773244718294275,-2.6357444643138286,0.10169872226493404,0.06506061031375343
600378,0.010813575063952113,-0.04549297598014647,0.003943731767805269,0.2068989579022048,0.2192375860406124,0.27522638316944903,-0.6890393544965658,0.2346137976640421,0.06630626653647488
600379,-0.11069849145763053,-0.043808015288274174,-0.012975538630382165,1.1611955431541896,2.187162434787638,1.2457023288248033,-0.7983238056254637,0.8143631424464501,0.4850932725853658
600380,0.08213713486901136,0.002199718219222241,-0.002901611259049881,0.6059233457083607,-0.5568770487050068,0.5260674233027894,-0.5938804583530674,-0.5775120733681154,-0.2156556491413764
600381,0.039355198248640505,0.017392584012118927,-0.006405181275963946,0.16275988352857393,-0.6554312896636624,0.5480663690283524,-0.16584345690868524,0.637454945586897,-0.03799313810666267
600382,-0.036395898186603916,0.01360116585964963,-0.011783103293336292,1.1289373218869627,-0.11712786885968025,-0.03289312020021093,-0.4522731959013855,0.3983794644974004,-0.5303219335802687
600383,0.007870110092138588,-0.03577833676636262,0.02860609974734777,0.7891666366084353,0.29510845536566743,0.6578553328926268,-0.4300358940890143,-0.6997742931441886,0.4142534570220024
600385,-0.2851391697061138,-0.021097026327525664,0.0016285270149789465,0.5613053602093835,0.7375246901515439,0.5084345953850038,-0.12566274439233166,0.6362833628422755,0.061777452352860675
600386,-0.099978373348087,0.021953334309192527,0.0068313485385851115,0.7932542538661274,0.02793766464822466,-0.2649441409305648,-0.3811497928760019,0.5907920903641185,-0.7039586535500387
600387,-0.05153345045342568,0.004908999243890647,9.976977076120788e-05,0.0905960000905779,-1.0837934465294252,1.6344648119397611,-0.2277449353971084,-0.29016742951627283,-0.05319037866752575
600388,-0.053050468916041565,0.011917904463598514,0.005177028728700422,0.1620187069885724,0.25266351136314724,0.4286740912510217,-0.6445578018072499,0.7706117905999573,0.06300571818308724
600389,-0.049895761905531744,-0.006298071407205303,-0.01570937141391663,-0.32963620201082605,0.5287278520035973,0.32236761690769283,-0.8937775708113657,0.3861072402647218,-0.5315907276631066
600390,0.011255551291816629,-0.006966257696014042,0.008574814682832005,0.21680068873316846,0.32324498683795183,0.1330785985132906,-0.7397281934994466,0.07686804971172426,-0.04222322976919498
600391,-0.1094219115404811,0.04859066517240752,-0.007713820286018101,0.7799784336988685,-0.180974560749727,0.2237303604154913,-0.7015878842501335,0.8164089004983983,-0.37756970816404944
600392,-0.1447918110566937,0.06177204078638575,-0.0005983302985880527,0.16771695345863175,-0.30165842643780644,0.6099172343373388,-0.9103228368416932,-0.054353588538403316,0.2387205592013546
600393,-0.02561564547158085,-0.004238734222064415,0.012824184621836696,0.5722432979819386,-0.4831295229278842,-0.3540657937623615,-0.6593682232102155,0.045234612150422286,-0.19094979088532207
600395,0.10359687729313616,-0.002910144191359144,-0.003511693228996816,0.6848402977000931,0.8546311560431427,1.0233884842632943,0.3778332398375191,-0.1063355724858068,-0.051755715715548
600396,0.0167960206363226,-0.02174535528169809,-0.002011448996055463,0.0688107104469593,0.9396516557183628,1.8663358246961528,0.3542067418156015,-0.947643888580898,0.3326007129960024
600397,-0.05770771845105166,-0.010447109367881407,-0.006835563451608436,0.5906389854771513,-0.3528607741886708,2.1041181236097133,-0.5606370366436537,0.6360609638949332,0.7906518899923143
600398,0.031574765885837165,-0.024465860158676408,-0.0030681755190448273,-0.5628792471386543,0.580352106122409,-0.03162160029592017,-0.11247420400655682,0.2535644259758028,-0.2749295810116993
600399,-0.10622048855190194,0.069355688463325,0.019192638959803776,0.6696545660518344,0.2657418716948361,0.6552964257825681,-0.7906371892510886,1.290964401878636,0.3855099040502161
600400,0.0012222707579278016,0.013231330284646656,0.003985512268434114,0.6268848314708078,-0.7934998520022337,0.06485444984088554,-0.28797086700777663,-0.07338559904134719,-0.2537540368787344
600403,-0.1810759979634228,-0.05153407167163579,-0.0028651996748142896,1.4184462543424026,1.879659479977132,3.015427618813765,-0.1162614953602658,1.4045171187019352,1.145286595191126
600405,-0.12440440017780965,-0.020726377553697675,-0.005689824469866546,0.8561682579415771,0.4936624324406149,0.877967297238793,-1.225550822303538,0.8473661194437422,-0.3811584242386792
600406,-0.15396906030877355,-0.04225428405063053,-0.003176246811389732,-0.4398470876841592,0.2515163885066016,-0.07872232967239065,-1.390825020351328,-0.6427583859631871,0.2278921011125501
600408,0.12458640809573847,0.03456209725598782,-0.005811175867206765,-0.044457897186839714,-0.5587698924601252,0.5496579463657753,0.23290991015041,1.014395043071988,-0.4164133170895274
600409,-0.08402022224185887,0.04948117833642758,0.01662708671717745,0.9789588720490724,0.7131425183292339,1.2041060326932282,-0.9350422174962741,1.3392973438124196,0.5043112010103301
600410,-0.0560713229920905,-0.023729390999141783,-0.007409843229790038,-0.0012557974790720439,-0.028264869781038177,0.12719279663542485,-0.31294832726496885,-0.4999151643032588,-0.23526955359351395
600415,-0.011224448105129792,-0.014470022998066791,-0.02300529431992636,0.7986626643692142,0.5016295580867771,0.6980455491773828,0.12638499482936574,0.5407256097252565,1.4834270174201996
600416,-0.10003653101154382,-0.01938164925865607,0.01588403798932883,0.8167693020419291,1.1978973354197475,0.4921260616789001,-0.8328568844723813,-0.9926301943380946,0.6786022156594861
600418,-0.02760313988421009,0.020408041762605432,-0.0018660581783877977,0.024157668695683542,0.5542580995543108,0.8944705378050364,-0.4451776590411263,0.4792675530995975,0.1340686367332433
600419,-0.008787137477069967,0.01319794603780447,0.024692568830388426,-0.467280762551726,-0.0024468799190942732,0.17518298151597975,-0.6275749014124995,0.6264252914483724,-0.5167832556371907
600420,-0.1276770334690462,0.01711470787113307,-0.014644236403535398,0.1991564423559498,0.13030255480068606,0.2983168514290454,-0.8483071879353756,0.020055379268868603,-1.0195421140051053
600421,-0.0296208434330042,0.030199029370140767,0.0017634582886773898,0.2929165005147322,-0.8862853710026256,0.4961364298072449,0.23263989012240696,0.3193849887423582,-0.5403879790776454
600422,-0.13692792834671982,0.02082966817924553,-0.0028178794513012626,-0.1109741480651116,-0.060511413269151534,0.8438523508528133,-0.7349709314574663,0.5077419658775097,-0.34014435560399336
600423,0.15911200373792486,0.016033128489979197,0.011565529802162088,0.7322294026949946,0.8406862431927176,1.2285100673686915,1.4097019840532383,1.9931199137979456,0.4365640576143277
600425,0.033650985136837765,-0.02813776074839,-0.0039864456737481214,-0.21456123585555706,0.8439964911002199,0.7469303473221638,-0.2858310343328569,1.2187736054594422,0.8447404364018213
600426,0.09852935790440603,0.04286760952032603,0.01602636140079101,0.034297274796396125,0.2724400800640234,0.2031745214497379,0.11671680556995816,0.7864656981908245,0.05063346086732372
600428,-0.08188357697818277,0.015137590323716853,0.0030629259405489944,0.7318081319640162,0.17076355694117745,0.40076649539765385,0.03403113309476729,0.4706051709461192,-0.40380082632375214
600429,0.02375322321964006,-0.033501279247425214,-0.04532106597302018,1.855771168183604,0.3989870610529131,1.1463561016929762,0.15239715780910784,0.1157542898016168,0.5051303269979697
600432,0.08156750997594657,0.06258138933985823,0.01557876646794294,-0.4987474875040987,0.051891338402157726,0.7683830648269575,-0.033729957433985734,1.8030408457345604,0.11451539407360152
600433,-0.07693485490055915,-0.05766212922391744,-0.03323541396970492,0.905004396336275,-0.006656581216951907,1.1400310489416496,-0.9788197373061512,-0.8683008765491179,-0.7039027092495941
600435,-0.14363198143559242,0.03876685348146632,-0.001680755434457627,1.69163879550661,0.5479726465402531,0.6700027441093214,0.4847440603972238,1.1221454964951048,0.3055491493241395
600436,0.11537856366132986,0.014300273053516725,1.712839334263032e-05,0.08710627959271318,-0.3766722290815509,0.24881344365961205,-0.490933984401877,0.2453973792988597,-0.6010639114009851
600438,-0.0931708558024163,-0.008964475960323928,8.810157040200356e-05,0.7438457254923938,-0.6800220669837832,-0.2553366115304069,0.3900655768508191,0.6617138219851489,-0.10014195545271937
600439,0.009795232389144995,0.003590363633348074,-0.015419714134741669,0.01666912577376762,1.0022854411870337,0.12957308174781249,-0.7441890253931396,0.8805518707805833,-0.8138137357424609
600444,0.004874736907165334,0.006801963637560271,-0.012291399338272571,-0.4229024763603936,0.313545626536761,0.6323548987520696,-0.4637618889367832,-0.6593208342155777,-0.16860912542857473
600446,-0.07218805774828882,-0.023561345240697626,0.0018581184493566359,0.21272123422872266,0.09602004878906756,0.80148540067258,-0.12618392924578636,-0.3268864921168291,-0.0812576110577901
600448,-0.06479209390643477,-0.030547518059770105,-0.001775180224809025,1.5055661467037205,-0.7808893097625781,0.8475697356079408,-0.18949137856651715,0.06340524059063578,-0.13804759828055535
600449,-0.22737701714845426,-0.009064036403805369,0.02192378243413512,0.8138056182811689,-0.9371239652529344,0.5330204911937791,-0.3855683865919436,0.4828151647871016,1.0679776722744314
600452,-0.1025246361510838,0.05850071665286431,0.009419681958464822,1.0396179880607397,-0.5043023325976265,-0.7394333219733636,-0.3282786569796991,-0.9075711224197078,-0.8159343038624569
600455,0.0978527657439481,-0.03244323293162782,-0.025070432214205518,-0.09919958183503054,0.0018146035975081048,0.8801356415699697,0.5864113974673577,-0.8218120349318803,-0.4127719942674116
600456,-0.05721513390577183,-0.003864911816795698,-0.005757341227337082,0.4388454950949973,-0.08983975434746444,1.6848010171627932,-0.8226574955375443,-0.66500296268429,0.10757589490678007
600458,-0.04041185572955761,-0.06095467207176021,-0.0004000378833250752,-0.7634296465212288,-0.3809514012684809,-0.4277639606742553,-0.2626134405030833,-0.7623230365784004,-0.5619400957139973
600459,-0.15561883950683306,0.04602455338883423,0.011194485071070482,1.3593921209940782,-0.0993220913616222,1.61463903503455,-0.8305165738114467,1.2968186528825048,0.887299616337222
600460,-0.127666791034338,-0.03073028710461269,-0.018380558969643388,0.275204777176191,0.0917415564744364,1.0617646231678142,-0.5758855929886234,0.23240394073942885,-0.6751270524580174
600461,0.12089179213317484,-0.030447300085861644,-0.0005818217148099643,-0.05745604968224409,2.1202563004050705,1.4827126928606311,-0.1344928822714877,0.708237487989868,0.2298548418602252
600462,0.07931899832107177,0.04495936073819769,0.03342093404161184,-0.3287503251074994,0.18480637236637115,0.1776804903793991,-0.007834808563473206,1.0788125793314025,0.8033295898645056
600463,0.011521273910444135,-0.02382589043963356,0.0043919693330904605,0.6664163402983712,0.4205741285962735,0.1408615800472145,0.07627101228727684,-0.1925593322543799,-0.2453854102122351
600466,-0.0753398791912996,0.0179410889879913,0.02733879416976016,-0.7224273391257845,-0.3946216685553541,0.8234061650093566,-0.17481426447753107,0.7655802442884089,0.901843067742668
600467,0.05465512609156909,0.03514165801067934,0.0026189930938960468,-0.20244196709732332,0.8791212437806226,1.2040457671809106,-0.16310218857523173,0.5951837997021497,-0.2716781531652281
600468,0.03119024946555529,-0.02005554086968765,-0.01476180476986847,0.28825518381476045,1.4855757466714408,2.1318152250613576,0.5590382877133896,0.05195460321567619,0.26065713345503944
600469,0.10729557043492144,0.02973790890067036,0.0019249927689885531,2.398985622814406,0.7074523176258178,0.058532652820490215,1.4042494126494989,0.3736222512306672,-0.6126354946728043
600470,0.007289613612374735,0.023395853121129642,0.011787492775553764,1.356369947167149,-0.37319489738433337,0.5483969818547967,0.3243692818116725,0.6539952716515334,0.16853010683454886
600475,0.016830268566119244,-0.003606428269507061,0.00430720482096139,-0.31331768935235976,0.07538807341589139,1.8830231403355893,-0.7969146184375997,-0.3405689042668694,1.268868586309808
600476,-0.08416914282673248,-0.07688608961435728,-0.022999670360572863,0.10353700364811903,0.2441589139423848,0.7082941817422571,-0.6580366972863667,-0.1514686178265225,0.5753118456079258
600477,0.033159036040803634,-0.005676625016198174,0.012683232229552406,-0.01971292288990954,1.5137958568496404,1.2386337513935066,0.2614460943198141,1.1375747966418726,0.4065375388943263
600478,-0.03494887477815278,-0.03228290228145438,0.048118401947760826,-0.07214571857588736,-0.09391647070179072,1.8188529604648027,-0.6449076655056956,-0.7089008407815327,0.4599712764716128
600479,-0.12488540883382325,0.024075880047098142,-0.004369147162986505,0.195891586404688,0.293934103636372,-0.3427850934157117,-7.715120366122121e-05,-0.31969504644067626,-0.1628217051140683
600480,-0.0291612192480052,-0.022406035903455773,0.014323823679284066,0.9968932248893488,0.5758151570330842,0.6476216958953986,-0.4418035581099973,-0.5672822554987323,0.5641738080803267
600481,0.062177865472347965,-0.002381811731966909,0.006597349027019497,-1.2184885009616018,-0.10021135507885244,0.26986768675068673,-0.4722578997484437,0.3973091860251122,0.3340746481520548
600482,-0.1969299729053091,-0.033777121977820984,0.021204667437917667,0.9328513673417146,1.180345036990718,0.6470454402608087,-0.7771360732557574,-0.5468846054559204,0.8320167211337167
600483,-0.023586428708386783,0.0012274949189674516,0.0006784975389426129,0.17204124848777158,-1.1306953483416329,0.11485643822353288,-0.3930358129156497,0.2520126831912329,-0.35483707616780963
600485,-0.09954265682531094,-0.01458428930305831,-0.004853013985582239,0.6234211206447048,0.7608727684259556,0.4522585824269524,-0.04638882639953766,-0.6363404984569628,-0.2439176558967661
600486,-0.0513859276790288,0.034137758720443216,0.006173277983759607,1.29991834760543,0.12902628444610828,0.11847632262941732,0.2691384974441397,0.3403913559258039,-0.06977096349615794
600487,-0.02422788813784324,-0.008162518852630116,0.0016157494298765526,-0.0448354714595354,-0.27336502244636085,-0.7610456545413368,-0.614826665691131,-0.20350208071175496,-0.2521077630121469
600488,-0.162236653609312,0.00866390757634545,0.007510607816072177,0.006548153923659858,0.3206682074901476,-0.4675743284162416,-1.9047016152404344,-0.5393714755899767,-1.3901231777963592
600489,-0.10800830960776606,-0.04050625511816186,-0.03144426358224616,-0.4495794235717533,1.3521582617596686,1.705651474889136,-1.6520877508662388,-0.1467789606515663,1.6346886947675785
600490,-0.07889915647794217,-0.0002171565205588387,-0.00767929194533222,0.2271968531702461,0.4596686850564721,0.22036126287148952,-0.1891851573272082,0.636761171865371,-0.0997096939197288
600491,-0.05045641359797815,0.11719024033847758,0.033872837555380064,-0.6216537358266482,0.925544202074016,1.4074640822143272,-0.7781798913691111,0.04048630843482987,-0.1094212167581834
600493,-0.08120181640138352,-0.006834845488862625,0.0038829665719809243,1.5819261922777688,-0.11144575282182964,0.11085658730639808,0.2993363208443757,-0.2766133657265876,-0.43139711784722734
600495,-0.21289416615654005,0.0051093877267486655,0.0154112141448311,0.5837079784798193,-0.9806137458516768,0.4826461990154679,-0.2856834179338879,-0.5621498248301543,0.015543693966574318
600496,-0.005804746319677992,0.02196789176176611,0.03593073953624573,0.2279672004274659,0.5598368928720501,1.2595881361941834,-0.3354924108988804,0.4843688493502006,1.0415240898072493
600497,0.028613883489663868,0.05229495862012214,0.011703607049041435,0.4665730103708471,0.6108101719356679,0.6246896903250087,-0.12433988508373915,1.6102591589180058,0.151065692065788
600498,0.018923833969287297,0.001932146583242545,-0.004312734791298414,-0.7372194870250636,0.45347500549469205,0.5484235525239665,-0.7482834101987947,1.0516309530295054,0.1629868908543088
600499,-0.1332478392175836,0.0043059094137545325,0.0010624471154337053,0.2703998130036009,-0.2420905816404633,0.2207387932540108,-0.4703942728669044,-0.018942094420358952,-0.2519789954642341
600500,-0.047956478572247496,-0.012944138072380816,-0.0162158412730332,-0.1698896248928654,0.5109662967103368,0.2597053774320617,-0.689757310064947,-0.8884372894488689,-0.8923440959790394
600501,-0.12699929074963925,0.044744016596313836,-0.0041100931163407465,0.8847568920963937,0.3571367178564754,0.4613537037166598,-1.0041710740590155,0.3533089189588933,-0.6544733568217486
600502,0.037212012579410085,0.10620853123851808,0.03586520756382118,-0.9007134236903745,0.0733543186049398,1.5046758300288448,-0.2968439568156052,2.2358052172227483,1.9251207011203937
600503,-0.012762646604878802,-0.02198681600370016,0.0031505454010559483,0.9145086465857724,-0.4160618442898861,-0.12296463936374735,-0.33599185052396485,0.12113664685327608,-0.20788906592001472
600505,-0.16932730195813922,0.058588608243195874,0.014966153881352197,1.6496558558372352,0.3296402598883109,-0.13180070583801573,-1.0402274956075808,0.8950927611987389,-0.010311812008442452
600506,-0.003604493054894367,0.008044243979242725,-0.008384009244974552,-0.2330123369589537,-0.4216486210823027,0.6138624786362588,-0.658813177506273,0.6189444654290057,0.4366404337826226
600507,-0.0835168029107064,0.014650444738385232,-0.006411344548790466,0.7213234990304587,1.1003120378409816,0.6162821622418831,-1.1814693365932158,0.7083269947281705,-0.21928302255193008
600508,0.03876132080639619,0.0272847471939179,0.00640881025099044,-1.6921271527569657,1.3069414799263046,0.6654004105450986,-0.4235585394405199,0.6993489392300618,0.04737498914931364
600509,-0.05628264204771899,-0.020242025191888745,-0.01768199549658086,1.242351149135951,0.8675984176320155,1.2219713714435116,-0.414000865676165,0.3905658730319251,0.08707907108395638
600510,-0.09746558616345223,-0.016375395879752487,0.0009659477350121467,-0.28300148536037234,-1.1161367818302343,0.170760606305096,-0.6478632614379292,-0.6671519476200987,-0.0889187909398211
600511,-0.06391096325404189,0.02667542441678768,-0.0070831187876143715,-0.6825653303897604,0.01084475550548845,0.8958693940144951,-1.3162935945208734,1.6969532950817885,0.734492582728389
600512,-0.1271985451924002,-0.048564329337638566,-0.003677109831121396,0.2635696221911856,1.5109134524351624,1.4309441404456984,-1.101621802210068,0.33991984278429993,0.053366571014999184
600513,-0.12950924454209128,-0.017354348038357822,0.009086620266433941,-0.4876250258955938,0.3176028719679897,0.9122055089431086,-0.9282154846604624,0.118192212549659,0.6410622009654883
600515,0.03390410319324691,-0.003617774586832271,0.005461500692525104,0.17863455045260404,-1.0195481045625023,-0.004778622547670117,-0.08399211070385962,-0.7197242697058768,-0.05143552467307362
600516,0.07128472259039659,0.016901325672740358,0.010031854897195052,-0.10307590859336037,0.3151134044574721,1.62610169056454,0.1145021275374858,0.4472700123010005,-0.003750284231536583
600517,0.0010739450260109362,-0.013635180093650386,-0.0043142438999054546,0.44899319609105054,-0.18606542715965727,1.0878482312403488,0.13126461559980174,1.0811334745406114,1.2168110143223685
600518,0.044275531887159054,-0.00868693632713895,-0.011588511875410537,0.6992043654844031,-1.0331860704856357,-0.19618976091759496,-1.498040933361182,-1.6784814236179455,-0.2725599991501299
600519,0.014928569387783957,0.01218314761812755,-0.02131567525349465,-0.3715526559770665,-1.670225339594501,0.2139169483584666,-0.0990454626249704,-0.7853067652524075,-0.1583588524546875
600520,-0.07261463709466798,0.09244452424219317,0.03640418363015588,-0.08287113310840025,-0.2580448232609112,0.2983062232758091,-0.760594577689771,1.335479631070426,0.6650514037980118
600521,0.055320335812138535,-0.018325369931694417,-0.013031080716197106,0.08301092060956325,0.25660859004943576,2.056620006313413,0.2692902394352857,1.4581111554446928,1.4247378144995828
600522,-0.1486620813835468,0.0063637967522162785,-0.006416949967754254,0.4354720421599975,-0.03202624204130066,1.2954360435636925,-1.0943900069231414,-0.25887174303993976,0.29317851670494577
600523,0.006816718256357143,0.02623518403232026,-0.006360930988212405,-1.8168024101857323,0.09897958760506784,1.0586473165224188,-0.4869680816627162,0.5060148087765154,0.7633685061239914
600525,-0.035462992208826316,-0.02422889854225751,-0.011602693402039684,-1.4102863864455175,1.8424643512635888,1.008899355413091,-0.4749475920742461,0.4785999456593227,0.649838413223336
600526,0.2293862554017496,-0.0031022126499868994,0.00684668957211009,-0.1234307362786361,0.7595059057358801,1.564417909833839,-1.605061114715843,1.8356998446312127,0.9611614572631406
600527,-0.01619932945841418,0.0054409078474897355,0.001725771449317059,0.6632097584761331,0.3500187320305342,-0.2308056269118949,-0.3719531497447348,0.8053802443393379,-0.12682181680190455
600528,-0.01705113140607009,0.005756096263967534,0.04047878904002975,0.6554290914466304,-0.2844427731045149,1.8773325304588413,0.2904991545463792,0.1515444368570123,0.600394443052591
600529,-0.0745192779585899,0.005701898494768476,0.007698463085539861,0.035302794446054594,-0.5157867877224145,0.2893645398849509,-0.8542914015421622,0.4678945197448493,-0.31973272322148016
600530,0.003321854607985841,-0.032840267893922734,-0.0012518606453107116,0.5411440523687678,-0.2950404096694331,0.4511326687392069,0.3553533646253039,0.0735608549384669,0.5244764957039888
600531,-0.014323182465717925,0.005924977530351412,-0.004076898025000605,1.4411100130617605,-0.6318442832260668,0.15812320902330412,-0.1270016895809213,0.3910202105696348,-0.3826336605604773
600532,0.01883025120948853,-0.024085031285339002,-0.007079988353084484,0.7548919672883944,-0.5694329671939848,0.9011666174414495,0.17559644056433413,-0.6350384337789537,-0.09136916530059787
600533,0.06327599195242957,-0.01717674351684929,0.0226592832918954,0.6598418211138629,0.2554439670633086,0.5023802703986507,0.12871166737838993,-0.6020856018038087,-0.010891640427571484
600535,-0.05318695848948213,-0.004359261858939836,-0.010036809410543955,0.3621650413702444,-0.06660027675813829,-0.17906897688323267,-0.5676541119566777,-0.3522804767483238,-0.3838205672516861
600536,0.05091472671089002,-0.034688564251533466,0.023343159144334887,-0.15431757543338193,0.8697873345725259,1.6206343868663402,0.613070101488592,-0.2442130580660392,2.0036798934173947
600537,-0.1076951325406355,-0.026571713550519096,-0.006871632268550315,-0.7727805971030216,0.733158345067912,2.0169888393074054,-0.8321721036412203,0.8662157607224585,1.1810909533569902
600538,0.06269419097562905,0.03439420417180072,0.00862222335841786,-0.4153407304187551,1.0678196332435266,1.3600558722259826,-0.15186051375273762,0.8077527444857024,0.2632116840314985
600539,-0.10301352736360653,-0.0164224331955191,0.019270046969893463,0.35092151297731305,0.2426873864338905,0.5250282098017519,-0.8532417757892287,-0.2254991683466716,0.2293713643051849
600540,-0.04848154983895797,-0.006587201639989745,-0.0115026460274446,0.9557121276165952,0.3297389674742472,0.15437815218905138,-0.6666691118406541,0.5758504110494059,-0.6179428329020848
600543,0.10229441242242754,0.004773954908786854,0.013681259935674123,-1.0944758453603465,0.5168928241422793,-0.14045510690905752,-0.1197131582769839,0.10003070278205216,0.10015678451311348
600545,-0.02593554558731115,-0.035566284269512236,-0.005306966666472651,0.9191037792947452,1.1059525484482238,1.6728247464303845,0.05297854366702354,0.7742527240168321,0.3161200963940945
600546,-0.052284922642948616,0.027002092211819984,0.03046868224056301,1.436636527459799,-0.09404862102713236,0.4251318539554084,0.4963672892351253,0.21342187525133707,-0.17293217218714116
600547,-0.10585234666441844,-0.03648834547212541,-0.02350143416809837,-0.18378737313994795,-0.9721203762303527,1.0704833393678632,-1.1349788272729286,-0.09063864187736896,0.19677458315093385
600548,-0.02749783830959537,-0.013020129630166084,-0.018282364662966,-0.5072507003291342,-0.6020190917659498,1.4176899017258204,-0.923410033846948,0.01935973907657253,-0.09637710573475876
600549,-0.10709076422209557,-0.02687367106534138,-0.02345642990474844,1.5009260732769734,0.4542506735389903,0.6217048287281742,0.8466503133876754,-0.8914149720422049,0.04708727399600121
600550,-0.03980738335545955,-0.0017426027256750925,0.017386780435173662,1.978859018681584,-0.57601760377829,1.1685633061395302,-0.1236654569961328,-0.22085311850838932,1.008560491170745
600551,0.017066258942946444,-0.00040014012745251317,-0.0028949204602138397,0.2849202397436578,-0.8202758232219342,0.03699640826880899,-0.20543083529948766,0.4668065165082357,-0.2098307217574628
600552,-0.1771364569337269,0.09666383872810473,0.021160130526083617,1.3766131390768332,0.9180351374469988,1.7434022422000803,-0.9325888888459024,0.7268951860753813,0.8424050412174536
600553,0.03266452846375822,-0.011141251547502631,0.05025615515303702,-0.5787398883747479,-0.23375744365147386,3.588156131057721,-1.7459854306960256,-1.0775017807423166,3.2611566392035534
600555,-0.08833307039309052,-0.015968245940653443,0.015078497574988222,1.3391729938839478,1.5886200249684868,1.1271687817712208,-0.9456009108525169,0.8239241824237793,0.5484453698355287
600557,0.013669999144468512,-0.009124138651495558,-0.01409224691273739,0.3590642732963639,-0.21122413532007198,0.2599322756563566,-1.7937346395310636,-0.23393334962224235,-0.4901474576395497
600558,-0.013142100583262234,-0.04150613356173037,-0.015223144678472215,0.3951664421364983,-0.08453137697459745,-0.0235392124148408,-0.11233880805481973,-0.3796025730116699,-0.7637127787682324
600559,-0.08236477346938782,0.11900644929938907,0.044047587742585326,-0.325331133671749,0.1275785765990263,1.318844490820975,-1.037379170625325,2.4157250436786657,1.5063472719408144
600560,-0.07140476169252583,-0.030261227191891418,0.0020284531770724656,-0.8982422618049634,0.6818774743571158,-0.14908099489386056,-0.6320784386538627,-1.4059436067875624,-0.361699984501308
600561,-0.01918397417923995,0.0017075498168150488,-0.0015025988103633135,-0.7775124975352329,0.5550926486824733,1.8389203034431911,-0.7256583275991707,-0.08484010698923805,0.3275402342965346
600562,-0.13868875146927584,-0.0334078746731004,-0.017747203334071343,0.7374283266389847,0.3803237624726326,2.3751935640105333,-0.4641009298248001,0.453815158152468,2.603726257681932
600563,-0.006904887476737433,0.004916713902539553,-0.0036735025202189148,-0.7500933479217251,0.6725757229657904,1.028326643600547,-0.1869828109857681,0.029040509329984244,0.00028871619190584615
600565,0.03948756174167814,0.0057174054136034285,0.008530460349528472,-0.27316154999541314,-0.24334924913300585,1.019134047732256,-0.14205325709013833,0.5105905194177149,0.3795253731401017
600566,-0.0911613438033485,-0.02754692696473061,-0.0013594693866467234,0.9369545073362292,-0.2973211343933216,0.01522925480645831,-0.9801925239773132,-0.7496298513573889,-0.5687275671758628
600567,0.07759049890219137,-0.008010884934648231,0.0015345970238426125,-0.3955038028652367,0.5206277938296081,1.1322526485006956,0.3979940104219785,-0.4665979476372578,-0.4895524752126098
600568,-0.11751591278273248,0.02263947074313797,0.03648573702924166,1.4966715262593644,0.06649100790636138,-0.09237907864637226,-0.8640019361530041,-0.0765463687201552,0.28900842474875543
600569,0.018333249840675886,0.061748468432365575,0.011128495271191304,1.5470575859240816,-0.08491791469395897,1.2934991806237903,0.14894985083067738,1.7515901074182316,1.0188912830468022
600570,-0.02620424661918397,0.0007982349303776353,0.0018320813057399329,0.04740953500129602,0.17664633495343826,-0.16740829212657166,0.010983463093999416,0.8214717968577903,0.0912703545799693
600571,-0.07260750440804441,-0.016313187054428326,-0.0062399747496104715,0.8089595071000784,0.7115143231230011,0.4076660138814353,1.2728831079244156,0.030204179357152576,0.028559622295512562
600572,-0.004742460709035265,0.05977896196570856,0.002622320496599721,0.27304302262928104,0.5579376233360444,1.6068951091960817,-0.5455731167756923,0.9033041283921645,0.1979168887902824
600573,0.1448419245378679,-0.024969744917667448,0.0013679204833348794,0.5961901375606425,0.6485839382042352,0.7222229815401364,0.7028822082098837,0.0012315836921706386,-0.29864801430339505
600575,0.03925352861920359,0.039073062501879814,0.005760549681016631,0.9654509629151884,0.02050957696968075,1.4650712449798795,-0.10003239891450176,0.27540751948271586,0.6829240659232684
600576,-0.05516990026788826,0.006644388330511019,-0.022709225925769586,1.4136270017255343,-0.3666999622360461,2.103949556635889,-0.31861262220555225,1.1093885533928738,1.8301970547278223
600577,-0.01817938018394491,0.004714772317923256,9.50852819323663e-05,-0.11981872997725596,-0.2833614990142281,0.037934613642747014,-0.5575339299542346,0.4993716833584058,-0.2064966033448748
600578,-0.028481692386410462,-0.011062952280038492,0.014635278823842659,1.0661375366296555,1.0237922847328522,0.08080013098878347,1.5291487138887585,-0.13935457778549612,-0.03286789094406888
600579,0.028526243257329564,-0.018906496316231786,-0.0186693681755108,-1.3119862367518291,1.8541882964466687,0.2990378502596123,-0.04263696548820768,-0.5446857226567664,-0.4474125960608191
600580,-0.1854496637210179,0.005474050831660183,0.01913340496361515,0.5496715261582638,0.4854702157067207,-0.1630637559821226,-1.1801495335524437,1.091875141586591,0.6671095818887115
600581,0.16197639791763546,-0.01247939752684,0.01942138148879932,0.275734155090722,0.7501596085345555,0.6805982876434491,0.3627558105943651,0.5672455522705613,0.5537661909724594
600582,0.007747962495724805,0.002342098826932652,-0.03651245954996479,-0.084771160023711,0.30372946651914473,0.4738373561692978,-0.4026222667472986,-0.05447636946346493,-0.051904164535125766
600583,0.06695791156643684,0.003264370817822538,-0.009061043607011177,-0.4902704542889018,0.3760832409794188,0.7177895682397778,0.08384222591101294,0.07191950051095945,-0.974393536121673
600584,0.15470888856224246,-0.041925709811956216,-0.010581884246503259,1.3003267174218904,0.8504713368172441,1.4264869288535518,1.4501420553204014,-0.023489658291855457,-0.2234096322471481
600585,0.04152240397376095,-0.013907796755969528,0.006911348650872659,1.3084762796944718,0.4392577808157781,1.7401033079515649,0.5997892164024672,-0.21801753216352174,0.9520057849758532
600586,-0.08399263085567467,0.02222809554654126,0.03189481375820054,0.01744380009266833,-0.03462126475080999,2.1185177245499265,-1.0540197239421099,0.5564235628745888,1.3389638003651323
600587,-0.03676551201863715,-0.002715635614032843,0.023418662482549486,0.19893604902917106,-0.840252769561556,0.5566683290984082,-0.2169477358573149,-1.0659118031029866,-0.3953487661535028
600588,-0.14411521789684922,-0.021207763768787927,-0.025886160376536,-0.11853244364000178,0.1307386597129611,0.658730594662127,1.2586913096565702,-0.9102916382705132,-0.5390330776162776
600589,-0.004818065897883,0.02175279187332302,0.007336958516803955,-0.10745340372655512,-0.383729220929419,1.0142926633985687,-1.2557309511040926,0.8626583443549789,0.07625762997347656
600590,-0.058691981056221226,-0.029821907791319605,0.006950944753834381,0.17973309001893858,-0.28912962815324744,1.0934096652498722,-0.9220857412112744,-0.6350254779548586,0.5440073743037828
600592,0.13848574209889952,-0.0421439892829812,0.0011088915330726126,-0.022069050709184784,0.4556940316000167,0.5378101210435073,-0.3897447183774776,-0.9367804583382664,0.2359336141897304
600593,0.1307705134713698,0.0027816411155878445,0.014642914459722153,0.3252433008772632,1.0022677541180924,1.4773492101087808,0.15587682459871785,1.0835518191067028,0.5160277609157853
600594,-0.05911490405910615,0.009098393036725787,-0.009999493216802022,-0.12792153522958122,-0.6900136838738362,-0.20269593932493635,-1.6377339174729797,-1.024241818114078,-0.7519378782967792
600595,-0.020081364225766576,0.13304944389843745,0.021443843579522538,0.7356931928327773,0.2335155287705505,1.9292424450717829,-0.08307349237509358,2.5959374204994767,2.1325987671631617
600596,-0.02743526874858668,0.03217533651820923,0.010910159362295092,-0.7320506699135435,0.3801166123356165,0.6360402944930602,-0.30780086574179594,-0.13671398231053328,-0.04235569830803648
600597,-0.034453980139194984,-0.010784675343169028,-0.006638637276414386,-0.8399835368266241,0.04808003197558773,0.6423685033162588,-0.7740465117888312,-0.06077052446246094,-0.5050364516377921
600598,-0.02290779837338069,0.010127354596140392,0.0018345495696346914,-0.3214773776619008,0.8952891011949597,0.2557818703412188,-0.8055124484944474,-0.0064090122412921394,-0.4004400636322833
600599,-0.07406918254359297,0.1787141900732198,0.01577375052973788,1.9190145696410648,1.4096562039168372,1.723101524106348,0.8271546526368739,1.292077060866791,0.4455387494276323
600600,-0.1005135688408606,0.00825755732691205,-0.0014421665940824776,1.1269764627289909,-0.1727677034414897,-0.2494520126483311,-1.0641111447651408,0.08769001129402895,-0.2879873891402165
600601,-0.09593797000565582,-0.008357359272909155,-0.007225420520616912,-0.5694599318629189,-0.03567341357520265,0.8585180060714117,-0.8518939831671146,-0.06327939982095324,-0.8072152717605072
600602,-0.12033081335581225,0.0034310460005977576,-0.006979693419854417,0.9817869060971264,0.4114051829600751,1.6171235816280412,-0.2543185869507907,1.54731252788672,0.17671449162966618
600603,0.2991581880182703,-0.01032837544298472,0.016884094913621153,0.08322670567057086,0.2413188239213392,-0.8537270386222895,-0.1274252734194914,0.6275941101295773,0.2253891850904599
600604,-0.10573306179272028,0.007280034713642226,-0.002233036159821726,1.2105201372861292,0.17305180736513068,0.1379130625921011,0.007239655035488191,-0.7180425991587097,-0.10854208481632074
600605,-0.053822410426524636,-0.03571601005810884,-0.0012668492813982645,0.5989372854831561,0.2850474384822864,0.519129996682541,-0.8639247478269735,-0.7056944458068167,-0.22980992484320625
600606,,-0.018533690118830208,0.013273308055655728,,0.4265544112646719,0.4703927537674753,,-0.4115188514324771,0.2027899797341297
600608,-0.12584636301829888,-0.007450745860378733,0.02085388229724609,0.3738488740965761,0.5152984303052656,1.310897842242394,0.02988749809227701,-0.7230780581806103,1.1591961483047764
600609,0.0037584200062943107,-0.01956418455255468,-0.004567509364094788,0.908571993485363,-0.12349719051533214,0.461899471361209,0.6208614450968524,0.4937273628783733,-0.280609564915882
600610,0.01250497697881328,0.010774784041076005,0.0052256089092833176,0.6405409297784967,-0.3588738263667499,0.17018544358610166,-0.3938076725224472,0.2941619587535835,-0.025996822030178345
600611,-0.05521339922215182,-0.01716553734410551,0.0024901506269493267,0.037879261788902635,0.967207766258116,0.8768954798846769,-0.8046117370054989,-0.6749048734676636,-0.4304140896479172
600612,0.10488058246504994,0.031370147105019425,-0.0030392829435221397,-0.17442152913618567,0.28954716212415016,0.5550716543814798,-2.9605623567764217,1.0856636229409116,0.189315296769244
600613,-0.16115501273817834,-0.0195533637185678,-0.011758212084776206,2.356541242291005,0.4785378624717307,0.4155275509791653,-0.4443655725080054,0.04414090791252755,0.5326771188882121
600614,-0.11291174051831827,-0.016507439449386912,0.008633913136609871,0.029222562744951164,1.288239360157964,1.6846313315937316,-2.0278123746641867,-0.2492975648703513,0.6975872912781697
600615,-0.20421153948632645,-0.042124098828637616,-0.015280446323346238,1.7058365492927452,0.4116073360838785,0.3754970540572188,0.3293050452156751,0.7274434214424833,-0.08499847978681681
600616,-0.051343412335870114,-0.024321241140184604,-0.016410770948319862,0.6676746228819608,0.5528555940620458,1.2728846679255676,-0.3776841217739987,0.06392004357611772,-0.33331233970996266
600617,-0.04564982775853342,-0.022904598916272147,-0.010537805198547663,-0.3161653907459643,-0.04493849593674299,0.1233867944106575,-0.29635103258578804,-1.1322592636664388,-0.7436689447990855
600618,0.04736898669109844,-0.001870987989439856,-0.016343801721959574,0.027548111519777586,0.6925444939254272,1.53487306825043,-0.0900078120216505,1.3227887053648686,-0.12763163219721665
600619,0.041023038916977415,-0.0285660129207848,-0.017400335862201702,-0.3146030115763893,1.054926301985116,-0.19361168791856667,-0.6563166489012426,-0.34757571193211995,-1.6831225508112604
600620,-0.06675881623745628,0.005945347171387453,-0.0022926850421185327,0.9471781901197592,0.09319480632262116,0.28426632941200153,-0.9426913534428928,0.5364734057961674,0.1413221295367743
600621,0.02019465933377143,0.0699846997640733,0.009668366597519185,-1.4468769986008354,-0.05668214897476565,-0.3398514012780333,-2.1739699575707183,-0.011915831643335536,-0.5843594481231851
600622,0.033159109610841016,-0.024527440713866155,-0.009844341392528136,0.8694371902204541,0.1653086981457151,0.4762795968081151,-0.3824198013887097,0.1473153679133927,-0.3409507788803036
600623,-0.12819921896853884,0.2118319764333708,0.016611052272419026,2.3515319390432787,1.4223883508776347,2.6581552552722485,0.7407903262310518,2.81435845039518,2.067965975169133
600624,-0.21010345727795784,-0.004807419021248309,-0.003413444923876564,1.1166040403022377,-0.8813779036883252,0.5482181387955415,0.7002567663958771,-1.0187929723649811,-0.017182190909942684
600626,0.06687632963462223,-0.01835277897150569,-0.0006671396014928144,-0.5674536726083155,0.28072480283884965,1.4341028183994522,0.6236481089278455,-0.4579649535671092,0.3545695113463005
600628,-0.13812269819184156,0.015057651515313106,-0.0026507622337693174,0.6320034800465136,-0.5719700638891376,-0.3898582890218427,-1.0185675830889174,-1.0440181180736698,-0.8923081487708169
600629,0.0011079264520939686,-0.04500847169507926,-0.014536496040147472,-0.3116230826587837,-0.2321193352002509,0.2599584199578682,-0.5139852186694751,-0.9816435159818542,-0.017866303714477602
600630,-0.08527354542270864,0.004980416458059057,0.008587316881843929,1.6943050540387912,0.2407332838276872,0.6627800988830094,0.9706440942303022,0.6464463173884413,0.15864253143653725
600631,-0.016776802796831372,0.02355171640802624,-0.008288474013330991,-0.634394582576546,-0.1116583414627386,0.01677324891706095,-0.452629050090718,0.3680574078306612,-0.6586574574880896
600633,,0.05020726371120302,-0.005463977709318427,,-0.5349880358148755,-0.5567489853630828,,-1.2751253079801568,-1.1533421836058837
600634,-0.11666675270590472,-0.0070959626375207575,-0.015757858247329122,-0.3778381776185317,-0.3412755379907357,-0.3068318383053648,0.004277850347205143,-0.4713977184383815,-0.8797974906597916
600635,-0.07532590902545268,0.006492371473848329,0.017101211493440144,0.2097338275580285,-0.4967477324861659,1.010255617359875,-1.0377410622014769,0.0619475867577433,0.6796617206947057
600636,-0.3024580635167879,-0.025952904157011104,-0.0005062583495752913,0.9883522724022252,0.4617410002013702,-0.1073915655560132,-0.3222707643486661,-0.18268869421215786,-0.2479909646681628
600637,-0.1346505806354252,-0.0003398396453959424,-0.002955970967750313,2.102429103298433,-0.21442927448514806,1.2160553879489522,-0.21749716352255272,0.6131605284762243,-0.1032426089606635
600638,-0.022128250692565216,-0.009955918450306498,-0.0008597884673565982,0.4548303918885699,-0.09789771470250247,0.04705893887863564,-0.7675946783570627,-0.17090780761196792,-0.5948636806583648
600639,0.2799764285447364,-0.012407564184445878,0.00974063393856203,0.4005693063771336,0.6543030933851965,0.604542787865843,-0.3782061065828379,-0.6336824370149656,-0.11047655261500064
600640,-0.6884765067022822,-0.03692100939153592,-0.028583859674621837,-0.09779462741112273,0.5048258316946643,0.6753617103853723,-1.3171750150761925,0.6693400895104652,-0.025466591289135337
600641,0.07337228091133158,-0.0031729472428279944,0.025442110310728648,-0.2922826517193587,0.3661496876385921,0.3397224165579594,0.21038718856258126,-0.15076383746328345,0.4030389435922077
600642,0.03729446241036415,0.030576340941177043,0.006753826959215743,-0.09391419989573108,-0.41798732405819583,-0.4724595391026605,0.3077732269929103,1.5034592430893123,0.32202012433500243
600643,0.031427254720605466,-0.019365271192140047,-0.016433127740397374,0.6202602295505321,-0.7516910936469233,0.8581472599953536,-0.5903840859502569,-0.4449126162303072,-0.2535054454012376
600644,0.011441327405029886,-0.002129314057154816,0.019429248503079824,-0.11567166137988605,-0.06025079386233063,0.877857556931832,-0.3314322048114227,0.15279410736022875,1.2391587837868607
600645,0.04806281776744737,-0.03625983390178818,0.016386575052121922,0.6323052324636758,1.6732644276574062,1.1742175471964391,-0.06180197387036291,-0.3905847475727584,0.940907640137042
600647,-0.11018691185366933,-0.04877482737717245,-0.006291319630227837,0.6972159456115223,0.03422310836027522,0.0644195123941332,-0.6807140822504559,-0.7310783569688669,-0.4654338293522643
600648,-0.002500117736126184,-0.01479530336756858,0.0260262853152112,0.7102918973267587,0.4457334439464193,1.5937233864987848,-0.20223647413172274,0.42090003664708897,1.113081895603859
600649,0.05366913708654165,-0.015341942285904048,0.006741102669593883,1.1490491202518391,0.4609752128229623,-0.526882474965721,0.3188886934917855,-0.6818415022356249,-0.41152440655222616
600650,-0.08840673784378253,-0.011620526661548013,0.0012511441473057395,0.3141103938722783,0.10317685652321892,0.4316689835238067,-0.7577066376227044,-0.5722451371239933,-0.8667442516583957
600651,-0.04134846853810181,-0.008611229366941264,-0.011507002009783782,0.8568656529610815,0.19557712704098548,1.9421007232165344,0.4525733942024536,0.8679195848072024,0.28132581286256114
600652,0.025484801654396344,-0.007476737744613402,-0.001639811702204245,-0.5784646700338476,0.2904310746145115,3.01049088797434,-0.13314741295656946,-0.25039771351319284,0.5023471709615392
600653,0.08512547511393076,0.014884065492164571,0.009315559270855613,-0.6536404931849389,-1.156315618414287,-0.07024314344948522,0.09553235436187876,0.3800239322713573,-0.2514259356227257
600654,-0.01364374261147723,0.041116502041356584,0.0134870838772458,2.0329205585310364,-0.29102206192664243,0.1827282384313368,1.3618355443264991,1.2538197654172245,0.2031899924179156
600655,-0.04418870592721014,0.009368206048671472,-0.0133991254902985,0.5165297144765134,0.9069837793258332,-0.14303911039717482,-0.22327410369616726,2.07705531331884,-0.5439873609378685
600656,-0.55346802795516,-0.024456507402620217,-0.025002096399109948,1.1693462855589964,-0.29945618072493124,0.23784557650730906,-0.013456206593463041,0.12086999916096135,-0.2397870199132194
600657,0.10284941941708324,-0.024894605066856926,0.002501443808592144,0.7812819848005418,-0.5210315014750345,-0.5261990197853207,0.04103910387057042,-0.05504656122883577,-0.21169309418783025
600658,-0.03194776427733584,0.003463340381134454,0.02014173043901069,0.2677492747318705,-0.8173646804513268,1.14975004515705,-0.4819383577846336,-0.005313441168034482,0.894471188941854
600660,0.11483998634800728,0.042610416958209364,-0.002957969630479059,-0.1775749855065277,0.9967240667661059,0.42553607717127795,0.5172121564773297,0.6879125426406366,-0.4697936058712562
600661,-0.027303920309760504,-0.02609289995000764,0.009868075733969334,0.8442428290487539,-0.006625296553957353,1.0831840572763085,-0.0021549727338501363,-0.8440667484564636,0.5264966740167493
600662,,-0.011958512137139594,-0.010740175265548928,,0.7982888021357484,-0.05866042417359525,,-0.3026846815806697,-0.9089449214446385
600663,0.022558867547252587,-0.0051081678683132965,0.024566570292351275,0.4434102173386552,0.7511202778044427,-0.03575098749213372,-0.4514166321965262,0.5486756841025336,0.6485289783182853
600664,0.01959654931336631,0.026061483000973558,0.010006570179374369,-0.3942502971300855,0.2274238425356932,0.7829696963194083,-1.0057860450342346,-0.09602552971768503,0.5159907661383242
600665,-0.08298200796351053,-0.008493980949153745,0.019647384773762242,1.8683027851350158,-0.5876054166979873,0.16267116645824134,-1.0691596487154924,-0.4383086740355209,0.06468596411117226
600666,-0.031893127678127936,0.014942754834897175,0.004893235619652308,0.017672557591118927,0.010942406381215072,-0.04876949985673252,-0.3703857204981621,-0.5530456869771327,-0.5872189122191936
600667,0.01763915947960712,-0.054064493062827235,-0.005769756313753614,0.02438820500713797,0.8577296954792729,0.04035686518141533,-0.2569248498255093,-0.16999283933560191,-0.11497553102228515
600668,-0.022634770410547844,-0.02813372856112696,0.014197870060729563,0.2800044132969819,-0.521795130296584,1.742442466322279,-0.6077402808116072,-0.6555051564755849,1.0474868325666145
600671,-0.046181103036500686,-0.03663437678660368,0.009735810166600705,-0.14091269704111398,-0.26761008354425697,0.307410890009625,-0.7509228187066209,-0.5679770705067907,-0.005141436846587635
600673,-0.31786910560695913,-0.025521350729240555,-0.014050930605398032,0.8094724185885569,0.7837522869817225,1.2779943631898645,-0.5000855264632383,-0.8402848262298565,-0.8129280796056673
600674,-0.0706378884768791,-0.015677948903721754,-0.0019233725679823226,0.19407740689392214,0.12932659074744635,1.5477304980569846,-0.6650215765332458,-0.8186098496058982,1.2263421720399927
600675,,-0.0049966901660293385,0.0296745272789024,,-0.5633280581126875,0.6185137397861452,,-0.1457955903485036,0.4647475539398298
600676,-0.04385879659419797,0.0026808377003753807,0.008922245798380975,0.972151282666993,-0.1359864202062517,0.3524438511498893,-0.45125725339068395,-0.2957356510763808,-0.5354184885865203
600677,-0.14513041708239702,0.03591039791309091,-0.006042483642886993,0.492296756817645,-0.010381159989903395,-0.11765467407985135,-1.1952423815704427,0.5928100317252036,-0.5789663945662935
600678,-0.10825962148455356,-0.0011981659778742793,0.03147677565822761,0.8869365354138922,0.5448797720988691,1.911359660705956,0.27745102280985623,-0.3082979336047273,1.3516296925680815
600679,-0.11253420434791757,-0.025722041852326984,-0.009275736083916792,0.4016701053830975,0.22367789187191853,0.06524436337596783,-0.08628122277593382,-0.1032262181522692,-0.5904307734004637
600680,-0.048731022875780655,-0.0016952345950719278,0.001344068100109591,-0.17630235243551928,1.2295863294452851,0.7308509634042973,-0.3682707348832392,0.525218121298865,0.10908575236372647
600682,-0.04076913738978974,-0.02206993414492404,-0.018983623544839318,-0.12375756067552605,1.178365431880273,1.6620641559259917,-0.8156653187909748,-0.12428805003075387,0.04294637766754356
600683,0.030102442279612805,-0.017326080997266596,-0.004517786514662158,0.7291655265807009,0.20796558498841894,1.9244554349010023,-0.041162063033773184,0.02786174444771499,-0.024576682533070715
600684,0.0331397101747512,-0.015126285177736275,0.009016210096556806,0.0386821671487484,-0.06818062325416137,0.4791008303745858,-0.3627464466514528,0.2497732973759167,0.1299658352151712
600685,-0.012483065711419522,0.04017454708504852,0.003174378102741764,-0.2379179140570461,0.2054611436244624,0.9474629031416884,-1.0285994531485558,1.7269206026558372,0.01624155138019211
600686,0.026134420529385333,-0.02775730884701856,-0.007350350944020794,1.2943415301365226,0.7188653610567866,0.651259096159209,0.30347660672256577,0.6958753335801197,0.13247326950478913
600687,-0.10800658977209417,-0.007729960622886617,-0.0008385891189061001,1.2091589553353053,-0.40563764818986187,0.8196150348673387,-0.6070604337878981,-0.2580290714284665,-0.34853727262686696
600688,0.05065654549939665,0.052855545416807516,0.0007767523428956947,0.8361840577806845,0.5927701311014625,0.7909988848546764,0.6361635210959404,0.3422607282386547,-0.3269897778594826
600689,-0.010881308780828172,-0.041226835768052944,-0.0062120422179456035,-0.12907806309798034,0.459799112653439,0.030391935130745062,-0.7485855269720436,-0.483953826529477,-0.9289500306805956
600690,0.030336020106762895,0.02162700258439264,-0.00518420876596385,0.7238648277540137,-0.6206156218355017,-0.14074517767630604,0.3291134796024821,-0.2142107590767628,0.08971320050737111
600691,-0.11318711309916465,0.02129565962857087,-0.00300291605080392,-0.021950110587895186,-0.16850264861325326,-0.07127006797184379,-0.1783709208144848,0.06305880434226961,-0.189761372319427
600692,-0.07325407857167332,-0.03294682916156645,0.014104126768069302,-0.6957586082552475,0.7551637200247375,1.4315075573131826,-0.9118096944378764,0.6381846952321435,-0.005314795546696013
600693,-0.06045710028677138,-0.03837450781884767,-0.02041186911746496,0.675250330695994,0.05379585788502232,0.15104543814508484,-0.1824066281582024,0.13105996528965225,-0.6677773512333209
600694,-0.08451976714288931,-0.01331972434438974,-0.034631744489896484,0.4173125533837261,0.64119021122638,1.496985935542627,-0.7958000812929216,0.6190496334256522,0.6646830044351648
600695,-0.11007797750255607,0.027851726391461103,-0.0019961367342511867,0.4754119438210661,0.4585943722052122,0.6859976959054204,-1.275438116800581,0.060318899915984735,-0.6221803447324483
600696,-0.12897195469265366,-0.04375682962495872,-0.011325624802718495,0.14246072527921866,0.19957199570563125,-0.8181559726262879,-1.0253517680392978,-0.4731090468064079,-0.8269819005117491
600697,-0.08345045149542019,-0.0030422704537883664,-0.018334625684831823,-0.4928060776490322,0.2680643085237009,-0.6007501528942268,-0.9153386942475782,1.1759865528579028,-0.8982773989425826
600698,0.03728955191486637,-0.0069806083424624795,-0.0081263403911905,0.15570397050269225,-0.32423900710877873,-2.1817698467184257,0.01629652215892179,0.5016458720523024,-0.022215173310939647
600699,,-0.036798307641506926,-0.006018395755961699,,0.6553722891031512,0.5327249705384864,,-0.3735850068406017,-0.1320806450204151
600701,-0.1402142932674776,-0.02236937697185936,-0.01616055329299871,1.2715141269254528,0.7443754836264739,-0.06481905538448136,0.04122470442798769,0.3227524557805085,-0.7703528862250205
600702,0.16330281145955194,0.06884258210376001,0.018926193310065943,0.6991439852501135,0.2927304358215163,0.6444998046872471,0.05183603067845384,2.092609238842705,0.7178467502716459
600703,0.04524904396820803,-0.10246438041621676,-0.046086296840492064,0.8153137191080889,0.4818713604997632,2.08684987488396,0.6899775377654708,0.7436678426089304,2.9100830422925803
600704,-0.12143599248323822,0.026592680677958776,0.001888788793015788,0.3997085959716244,0.1834588209450229,0.4105250762667422,-1.2609281465597575,0.2650035031139006,-0.4852647116397815
600706,-0.13747512531824047,-0.013559223167653326,-0.010027007121102287,-0.7419463528137,-0.3172225303035731,0.2708817290418123,-0.6510454259341228,-0.9474295461466272,-0.2446692711495857
600707,-0.18039999858171665,0.005296265745915531,0.004834783386933102,0.14713495512862235,-0.5245956446705232,0.05412469974847696,-1.0763042169995694,0.09821787858016852,0.18611411014225376
600708,-0.025182177021895097,-0.01201852390249537,0.015573839868783088,0.5319477059371235,-0.5432581368578626,1.5596943308118614,-0.5518464353359636,-0.3922526355169443,-0.1948645205274856
600710,-0.023730109413647588,-0.033219246291430464,-0.0052393344480596475,1.4606876441063985,0.8717067061296445,0.4198132732082169,-0.4797720350186634,-0.5517619389941548,-0.2996170331954256
600711,0.016632709030878073,0.03484396640665878,0.0035142416762443795,0.6441172834300682,-0.0689364306850056,0.8711366923879009,0.044572807378154805,0.7596875812370885,0.2211366638660332
600712,-0.16587425212770002,-0.021722003861200868,0.011522191432381085,0.4756752610125097,1.0005433795554708,0.9601572303779652,-1.3660442850662728,-0.07555681366327925,0.4364490847045321
600713,0.0684033795866959,-0.002628619202421232,0.0013049120191967296,0.044010188305355295,0.8661777160955212,1.4307626140144571,-0.40824197525746747,0.7589042682179443,0.7665528021888557
600714,0.007055619222088347,0.05696830540294815,0.03296818987355992,-0.5632943674444431,0.10489404162769833,-0.2456542896971841,-0.5161045400547053,1.817303774500368,0.4945766733010986
600715,-0.07836159899231754,0.00483735142648463,-0.003157701472502675,-0.05815334912797938,-0.4400545301553332,0.3055313037878704,-0.5792960644968197,0.30521530448690803,-0.3109551477680437
600716,0.0741112674735796,0.005997601434624598,0.02173404753702852,0.38286896153924105,-1.3540875083487391,-0.0008323028919084476,0.3229884910016721,0.050271723365778835,-0.5402369754237693
600717,0.012757396363101373,-0.0023678198507838468,-0.008273181194929605,-0.0050188604820203715,0.11571673591321956,-0.06444643849659694,-0.28329685291010026,-0.4150859003275241,-1.6381491717022607
600718,0.1676447802543555,0.0074354337931064815,-0.020010142490751105,0.08730874643616388,0.9891251512427492,0.7513419839150955,-0.14848029123863613,0.029445553970909536,0.05547998552937383
600719,-0.14891691847535998,0.0019972704931967167,-0.010637533140831969,1.7449025082673255,0.5254616118620387,0.8302321231020363,-1.4509574404989911,-0.15265169441835094,-0.7470448108072321
600720,-0.0711549214450035,-0.02601863328071383,0.033040303134982435,0.3376331742132839,0.3844514238125625,1.2706262625413458,-1.0615080538223414,-0.21855564577304198,1.2361603589936003
600721,-0.009287085706997449,0.007978152647087752,-0.006770651248196188,-0.12395971861381548,-0.10002128489303884,0.4932228963040378,0.33573002700526444,0.3595175871017908,0.14616261119770332
600722,0.07432976776135719,0.011037184161859028,-0.003803276962510847,0.08753179013400057,-0.15134167184608813,-0.4764656941850091,0.186977457564495,-0.5931388103463451,-0.5790734866181729
600723,-0.16644141867676776,0.00849430638607837,-0.02292108791416493,0.1130461070152298,-1.2014903709959417,0.2066456111494491,-1.5467735439495578,-0.1983168141604718,-1.2974828289875877
600724,-0.02609110172492632,-0.006368350548573428,-0.015687860668412476,0.2933409124908526,0.6394060789917964,0.3619447388064561,-0.6628877961499673,0.8595703046741668,0.20513848706823176
600725,-0.050753384399696594,0.030675413240107856,-0.010092273402903616,0.7110980956176939,0.3503579325310537,-0.2364471323847624,-0.196211622706672,0.9438173422648232,0.03694443707444603
600726,0.015597843835625182,0.0015712328257270205,0.00045538950679538046,0.4890742982483014,-0.4220434918822007,-0.06612238747889222,0.2302812462749992,-0.027483812655309785,-0.423617561460312
600727,,-0.005645442390550012,-0.005493477165954854,,-0.31342136605165866,0.4873830643315591,,0.5133072479924845,-0.2964129278122687
600728,-0.20681933667264202,,,-0.09012957715379133,,,-0.24908320595318856,,
600729,-0.0553738505889017,-0.0048660379003379,-0.024904548328059245,0.7321962134876899,1.655925955233574,1.7450278213632129,0.3456250332591499,2.3079194833183445,0.5213586498082295
600730,-0.08976050859578052,-0.03481408972478718,-0.00639526012232723,1.1964111601296732,0.2258930954475949,0.10150702516019323,0.171727025751016,-0.5553449735637294,-0.5181758813940334
600731,0.0825190963362196,0.021126368519187616,0.0071235011846815625,0.3991259853797451,-1.1351339791787658,-0.4440780117115917,-0.2579235845807888,0.4117972344602408,-0.3903062701539492
600732,-0.0918008755714455,-0.020134490322196955,0.009870322756338576,0.8120994653393634,0.10704563544926134,0.2003921542493338,-0.3458624865685128,-0.7573281907094706,-0.05252045044484623
600733,0.04387189195506999,-0.019388622594340457,0.011186080546221779,0.12226150175531587,0.9592123930714722,0.3484020754207697,-0.12107946530199087,0.8311290917405542,0.2881681587135561
600734,0.16675334331581587,-0.025199323373351887,,0.6336787266489172,0.2428336768596892,,0.5857004312582782,-0.6357291181859339,
600735,-0.12120795180060835,0.08879002211130638,0.006943966301294256,-0.6286814010663497,0.5995511421196362,1.5383653857448043,-0.8388501828097237,1.6333803869869443,0.6681161124768743
600736,0.012629090493583515,0.017829892049915582,0.01736044638264613,0.6239364397727397,-0.002859747041351817,0.07315231487102825,-0.6699436274673896,0.5131587637549522,0.0019272339761176173
600737,-0.05651057429227005,0.037104057068768966,0.010162934746924724,-0.4800739909381696,0.6120940504522409,0.676432478453995,-1.084299467929012,0.4743117458941263,0.2756069701348637
600738,-0.09854211961544568,-0.04066092536191298,0.003550471435738497,1.361816374292708,-0.4259935683408889,0.2454370397917293,-0.09979664685714856,-0.10214214244517718,0.23356125562621202
600739,0.06494267648583704,-0.010978252293394265,0.01378569707745632,0.7904685765143084,-0.6955374849959053,1.132423962190272,0.5083441089685987,-0.4327487599507949,0.2401242427564783
600740,0.10768476414722138,0.029792580641122807,-0.006668447999058486,-0.24290117335665776,-0.001797531282780246,0.5479529928968807,-0.011189096413323324,0.6717208229221039,-0.4146219104639093
600741,-0.042712787867334484,0.004599357166905332,0.01057642633910542,-1.2321501512512107,-0.18222412838035748,1.4794895949327902,-2.0545503255959496,-0.33890365964865315,0.4584538532969722
600742,-0.041238986037088365,0.007899799569236355,0.009172007791111695,0.4946188798918373,0.16515861594033893,1.9360694770077915,-0.7460526985483309,0.2428373431867365,0.9617050194912482
600743,0.1276223767848268,-0.04128808894330384,-0.002040833535226012,0.2916905712836146,0.1027703047209903,0.08977129051099057,0.994915652684312,-0.5733023057311659,-0.6864579758395961
600744,-0.09071252462903673,-0.0014918137323748938,0.016551043954574608,-0.6399226751956969,0.6128859934416213,1.8760897061030901,-1.412931167195858,0.066092442699652,1.4343166234775873
600745,0.017785311343173626,-0.041866867266494835,0.015571426131950238,0.3443198863658697,0.08645867575839851,1.0916463209398488,-0.3291126951928266,-0.3564643698184053,0.5996435695371172
600746,0.019185057737591132,-0.033644302258923287,-0.008074613934551856,-0.3191338975651471,1.0433244808038675,0.7976974787219879,-0.2320025713520203,0.3508004362110496,-0.32534200794028983
600747,-0.05204744818618433,-0.030397002041634383,-0.011295697561011536,1.85433252047566,0.10139633255833368,1.075134633547833,1.024820409497286,-0.5621067402674009,-0.6481404113155509
600748,0.011016071395482802,-0.0017500398382464567,0.028161456019102506,0.2466717694272993,-0.08077785275125647,0.2777046617660785,-0.4325180562751433,0.0598628616611664,0.1828097219541444
600749,0.1620864245815868,0.017524268554766083,-0.015105221192137131,0.04888796663686345,-0.8393382559310577,0.6102444963410616,0.5987818838645188,0.8247705744107676,-0.9426609652863732
600750,0.31488021057776194,-5.067383650482829e-05,-0.0037984032807416666,0.7701368417006518,-0.6341264289933265,0.013270580398276518,-0.10296580929937776,0.0837434690237084,-0.04338664369615735
600751,0.007280735697733895,-0.02518775599659116,-0.024412796782897855,2.2391415893129394,0.10867025954325407,0.6691256330405694,0.049447214444157166,1.2604511162176542,-0.1097047638373736
600753,-0.04560508266798577,0.03432795082877882,0.024269688305145483,0.945617447616762,-0.4329228522941213,0.3987948020118543,-0.32247902788893124,0.4461294732041121,0.5850687818323801
600754,-0.17835413814479434,0.024280406056114298,0.011753719980062784,-0.5190588558362146,0.7253132600881308,0.0004915718458066477,-1.6156129115539637,-0.057204547228060336,-0.4544193354473867
600755,0.00421489710023286,-0.016887488379065587,-0.016128162149709205,1.9383573819116864,0.09649764627659237,-0.07185077368199998,0.20642741123752464,0.17567781083991546,-1.054588681764706
600756,0.10341945806256538,-0.010914238818942577,-0.012525864311317806,0.2320803702422671,1.0453816959879871,3.9808129881120085,0.6726801127467884,-0.6436160795893062,2.664054346076632
600757,-0.12137336341702933,0.029034095576150068,-0.005583405763677513,-0.15952987767714105,-0.14489981129735918,0.07477983524751305,-0.4164616036250444,0.523700386063626,-0.30427352647669176
600758,0.020149178878165242,-0.0524641810875103,-0.0277790124068702,0.6397677178122861,1.113015013318836,1.0204259908404507,-0.2441204384497217,0.2742258946208421,-0.3947848616714988
600759,0.0993519624481376,-0.008191697509069205,-0.023167003226196203,1.4354941317358425,-0.4280592184636092,-0.09964368889939046,0.9782903498702772,0.01602652079093404,-0.3700178641990007
600760,-0.19826772608244392,-0.03420356596434486,0.022858329826150305,1.2852002290712414,0.5177045141076876,0.07656870835682487,-0.7368276459655542,0.4304303500722069,-0.02533866779329081
600761,-0.13240027310688116,0.00905276656500008,-0.007972385163825823,-0.1751718236878941,0.4452597316874585,-0.0647841666835464,-1.4289486537764369,0.5135485155933469,-0.5226551227006829
600763,-0.1176019702066158,0.005536211563608057,0.008349715945257501,-1.2230818430283876,-0.2834295549843146,-0.2015861511481926,-1.0262393041438629,0.054187604466499714,-0.1469748385958371
600764,-0.15307776804158496,0.004226452738885734,0.00134707890800417,1.5458701815743616,-0.4938961249206024,0.2683973403531396,0.32877287582503795,-0.5127587264859536,-0.4969076098038721
600765,-0.15888820312211405,0.012635962904411362,0.02404923943436661,0.5602504003854609,-0.24287759692721264,0.8729509400214038,-0.6438828170471096,0.6562068445965022,0.8541129528071302
600766,-0.09096388045291444,-0.0247626694563511,-0.011563533016121666,1.6197250293753225,-0.1948290623846185,0.0861984436327759,-0.2903500861151019,-0.16002204332860107,-0.4859317831615063
600767,-0.02073250079421031,-0.033739843568942426,-0.001994924654167861,0.04876535017337235,0.2321025984444109,-0.033470065308467994,-0.634763997194728,-0.3349749844746902,-0.4921551906639
600768,-0.07827098903953393,0.0019543031793450147,0.006080237114187599,2.5305774813788156,1.339345347910441,0.9987086613433046,-0.7578145791323291,-0.10135595537021512,-0.5197322529048444
600769,-0.18501712084336525,-0.011564485056567616,-0.005767913686909636,0.3671538301715746,0.18160007561300529,0.7879911174875954,0.9575800066476792,-0.198686771844787,-0.429689860360498
600770,0.0126109682127548,-0.02739429098913561,-0.013333343957730993,0.04432626853587709,0.8091905551674572,0.4447711479193766,-0.3346025401421469,-0.8176043484743346,-0.9240565035752664
600771,-0.06993828581729065,-0.01738455894506936,-0.0048384531713181215,0.713542598321183,2.4529271385266886,1.648106004796115,-0.19410822587423812,0.4480706073864593,0.15575908533047167
600773,0.016458737568636528,0.018070789118081063,0.013381006179904807,1.1327865529894028,0.6886938476770116,0.28504748999084073,-0.04263639716730608,0.4820809648354095,0.16653513988055688
600774,-0.14013838801065814,0.0034280141026809424,0.003078204580457447,0.9330184585274492,-0.6476479814020745,0.7436007436967738,-1.1232941779610812,0.28454388270780323,-0.12801284030715848
600775,-0.0491467745857537,0.02944454007767596,-0.0021223296408798657,2.244346665245237,-0.030691069851476318,1.092313982311324,0.5850319352952579,1.1598689616786844,0.16954798812368407
600776,0.01903515417093518,-0.020906852149836917,-0.014453198543016856,-0.02154430534939345,-0.5453333922692736,0.3184325530631576,0.04983735793982967,-0.31048473854069103,-0.2896985679097079
600777,0.24990729705246764,-0.034334636787008835,-0.011440251282350692,0.6556177684668096,0.6490812178824922,1.0087261047464318,0.22140680854209768,-0.08878839244499194,-0.2752574968635558
600778,-0.13208133171408898,-0.006372368578345399,0.002352253815344735,-0.4356300505485632,-0.4776721687589494,0.1783299158799556,-0.922122472438256,0.09802505473793262,-0.16262241338699845
600779,-0.06992836601967764,-0.01926371040642349,-0.007914386976795609,0.6346888184984146,0.6437657837760973,1.0119946539003266,-0.9656054593658744,1.2334871998800905,-0.5424326412214154
600780,0.020554976868108504,-0.012530004914941596,-0.0035247095085460312,1.1599147292910377,0.33015341936537057,1.4747444375176124,0.8098621147289774,-0.6105044801236884,-0.4589988633526013
600781,-0.16369696688177332,-0.0310361085440028,0.0035342058710600937,0.4194475393629748,0.958119369152427,0.9986835164092328,-1.2985272261483067,0.8937708393629166,0.2835551628561073
600782,-0.025925039984046192,0.007263165229142009,0.011210905444233263,0.6074319145444336,1.2274681753693129,0.6545661374190074,-0.5444743987445861,-0.14156450432774526,-0.19469017571415367
600783,-0.12444089733252013,0.08356785432747006,0.012761349557093602,0.3352237806299149,0.2690346822127592,1.2709024294913882,-0.8131261645425263,1.9998238596429336,0.8086060779537284
600784,0.016686528199758244,-0.019019412037716368,0.00976933291812707,1.2319862383192506,-0.14603085625052015,0.02141869585903477,-0.06394310699775453,0.363886014424145,-0.003702056791129085
600785,-0.06023867949663295,0.001954772137669699,-0.024401425545725344,0.3660429335641641,-0.8346349415078932,-0.03715298306193168,-0.5415663597955027,0.4085689360664691,-1.510050250268694
600787,0.06577428653873077,-0.01856652265642373,-0.016693717346009468,1.2520916729318357,0.08919638312162671,0.42950226771082656,0.30375866824604403,0.3209446161062585,0.05080751046709143
600789,0.028502646033183164,-0.0009610508495765305,-7.811392951759949e-05,-0.2919907383371577,1.5697769268107609,1.8203904208700603,-0.3215039199569457,0.6974256437369365,-0.01284527220187828
600790,-0.018006913588790863,0.017750914361247948,0.004849474254065282,0.5505916999912546,0.2486792356831325,0.37206501635608,-0.6508099006684936,0.1513444405417104,-0.161002222573167
600791,0.045610995134958636,-0.01415447125238456,-0.006302831539799434,-0.5027642024117193,0.06584620577048039,1.8331970418585253,0.050673072130708735,-0.2400248559752525,0.4615058904781718
600792,-0.05700160204533029,-0.01132577454885544,-0.045056090742585056,-0.20129280374275751,0.9057651137012499,0.18746628999937456,-0.8590373986772127,1.9459569155341327,0.6254424309797949
600793,-0.0598168013406807,0.03789977943547698,0.005912338405134953,0.11640999361478115,0.8205001475891206,0.8545050551781067,-0.3834421635922929,1.057351922979613,0.18407205198459484
600794,0.006521801638499171,-0.026972061194222383,-0.007968817105697865,-0.2796082126956949,-0.8263944141609432,-0.1226128202681438,-0.3157707513776277,0.31247319529936785,-0.1289703306594753
600795,0.0511976676753886,-0.017032773328223838,-0.00013686544008521817,0.5203537816497779,1.1866000263383725,0.8982068155884259,0.11873962009062022,-0.30560261643253644,-0.09817797080537828
600796,-0.18409187235867291,0.022513222572028053,0.008454771552164602,0.3267306440809152,0.5718369612700043,0.24945331742287705,-1.5344708727041418,0.4975305153810727,-0.29579773509685536
600797,-0.09679648484488704,-0.018034053573295367,-0.004348009618196465,0.23055106234801045,0.9359779641780994,0.7683747317155907,-0.14299391200319794,0.11108410575557567,-0.4127643452729587
600798,-0.034493690879752015,0.010534194584170993,0.013165089989703962,0.8202596294325895,0.08921262411408698,0.8826701613515526,-0.8155052216223757,0.687577402947051,0.598019238006198
600800,0.019333352771873445,0.014273456880205124,0.03015442046428469,-0.1918673221197504,0.4214395641435803,0.4449704823317721,-0.3487685731581343,0.5126345547992007,0.6651055629476326
600801,0.029159268750207832,-0.01885336216678635,0.006234065492430222,0.37748798308822507,-0.08390434865387847,0.4549202665828929,0.22755672972734084,-0.016339854062355927,0.6217227897083447
600802,0.035932094406369394,-0.03763771841634346,0.020213955724179482,-0.7030865603122293,-0.3839273191453813,0.454312188867943,-0.5509779316236785,-0.35270383057720056,0.5707909247751446
600803,-0.2822797559090374,0.005363663846601328,-0.016553277447845467,0.9666806468878932,1.7201768574829597,-0.06799363572087923,-1.0965858967520021,2.247310813540586,-0.6454918513198489
600804,0.06350493209651299,0.0010589496490863957,0.008182784724654453,0.6765904245750266,1.5307564504062363,1.6043137633312945,0.7510278677972446,0.02030048323839188,0.5728586365053726
600805,-0.01951758085429828,-0.0184083346972522,0.016493178564883988,1.8173762322068552,-0.08927966510758609,-0.07272102765452698,-0.047269282808213735,-0.10995003060919112,-0.08978401104930535
600806,-0.008459626817624494,0.03421365162553643,-0.008778212625929097,0.5719094270562242,0.9584528010148818,0.4147831995808322,-0.3176364983605438,1.0877079504036316,-0.3679187600544824
600807,-0.20660506125372047,0.15344368777274134,0.02083689751222284,0.5986963964542672,1.0951761452487514,1.5094940985621477,-0.7418966290409772,1.3250001509286269,0.389546088700632
600808,0.020186260405563504,0.011585207167194463,0.005676598468956552,-0.1724327388895903,-0.305203418124964,-0.02187571769835681,-0.0014086942112776554,0.4455032563770912,-0.058990180376423486
600809,0.016453447040273586,0.015778911147199922,0.005335834545999132,0.021060498973400503,0.825903654342576,0.753808568897808,-0.027923390657949042,0.4535921713848844,0.2725571032297104
600810,-0.08232809919044155,0.04846073953224414,0.008557842907449108,0.09811839356594768,0.6295223115049371,1.147194185559672,-0.6866271346756978,0.9169712820824808,0.4121362471479131
600811,-0.1084344152168847,-0.00571076658255167,0.0037083321735432227,1.0706807758894177,0.3282426186186088,0.3085072960467352,-1.311897228704781,-0.4655273245278349,-0.11722943264392105
600812,-0.4336294940024579,0.003620641045826547,0.016037705185718187,0.4660554110951661,-0.5303071819798727,0.0616788688033534,-0.6616860164488814,0.061875718064234975,0.12142112470592767
600814,-0.00861723878075163,-0.005711082844553289,-0.003568487945587669,-0.3751460112206144,-0.5215135912553932,-0.5374935495458787,-0.4360858211855059,-0.3572573078423475,-0.7833718396481527
600815,0.027958761689600903,-0.012890684365641005,0.012468428894457944,0.7327573894165959,0.6935651672022538,0.9971486204035416,0.4982841355722534,-0.024897331934720143,0.6577323460201397
600816,,-0.008514460658100366,0.007470269754976277,,1.4444224419929244,0.9219364787700379,,0.6731220485412303,0.5476517131531363
600817,,,0.0020562768219410006,,,0.13644839260296354,,,-0.3613319024235725
600818,-0.1767401939139006,0.056738687099968335,0.074315890735523,1.7371171872836055,0.11788417492442856,2.5966210122185682,0.08385317345825896,1.656576240690966,2.6623481864795666
600819,-0.0025250927225648053,-0.02085783978934036,0.0027593941609744595,0.4302385848254303,0.8356131684607858,0.4408293901029997,0.04296430706733514,0.2602579863608201,0.3010585911956067
600820,-0.010937705839759336,0.01987123418954091,0.02780528400835329,1.0980862682968762,0.5947492135289323,-0.02036392724377459,-0.3772842452592982,0.7133366335227832,0.2767723354106509
600821,-0.029268334549453767,-0.02342520928355889,-0.009846739434163292,0.3824317259706075,1.987695145675136,1.8496787514973545,-0.4473329927002215,0.7003682414269952,-0.3647377299419492
600822,-0.15521794350367815,-0.0448655561838012,-0.005699604125450231,1.387421164289129,-0.06971192882159709,0.5609300967009535,-0.7610381841225693,-0.09273708687615546,0.2006158837666369
600823,0.024715046535214502,-0.00275493341749339,-0.003187167955518707,0.2556960087137529,0.4666330291175721,0.7898930203503126,-0.32209280095003995,-0.4578841927832458,-0.4693505780388018
600824,-0.1124903205859922,0.03799399364362115,0.013259542729660984,0.4453916932089216,0.38864734125666056,0.4800988695061426,-0.780011467107915,-0.928416384110038,-0.7438085720182926
600825,-0.05085692370828389,-0.026004830570273533,-0.014910081931685141,1.825964916065079,0.4541056047114434,0.2903960545007381,0.07886674786446485,-1.1659848352587685,-0.7869615741413016
600826,-0.20924981217308392,-0.02602111360350899,-0.00649319965573021,0.19969625799883065,0.00221342644845335,1.0228171713926235,-0.9171985580878764,-0.1826157286907509,0.7948539088345811
600827,0.0410038210058709,0.012836231569414576,-0.016311004328699856,-0.9701329699213936,-0.6122136560253257,-0.2022608558971596,-1.1228058936514096,-0.005511870153103306,-0.983613543206853
600828,-0.10392860897951772,0.014631445092327756,-0.01091970190395538,-0.4089291827264605,0.4206924913088704,1.08989626158193,-1.1014739868156045,0.3355129724767321,0.4542353827269912
600829,-0.007987719987540297,0.0019138214173034594,-0.015955311886713973,-0.5976734366124542,0.10047723191939713,0.07553660677242828,-0.8319711664057109,-0.5287268217897674,-0.1205900686359194
600830,-0.055566809809335316,-0.026750409386236858,-0.013363681729952646,0.5676873648705756,0.3464092977877684,0.2131849836732158,-0.4387227924275371,0.8162076347825571,-0.14803274133023514
600831,-0.13135373591452998,-0.03768255624867674,-0.020531876420766683,1.096601562691045,0.9487073808433428,1.3407647585580516,0.17992150204371093,0.4844551409693125,-0.26466556031743443
600832,-0.0813149930381735,-0.028804035177154488,-0.006201798542046508,0.34061636204223633,0.591661031869092,0.3950494038065351,-0.9118464350176568,-0.7638968879427342,-0.7228159698789279
600833,-0.06614423275289197,-0.0002223231072130388,-0.002311838244623259,0.7365465689298071,-0.2401535242144935,0.2272569907243706,-0.8628736645976819,-0.5445898350773114,-0.7137720370652691
600834,-0.035964861191349264,-0.04093178946677066,-0.007232620369000548,1.00531948058514,0.6117779477797762,1.3555539967742831,0.04859337392012581,0.2585255358769289,-0.0222137778889844
600835,0.016457415315475024,-0.006386636988657513,-0.019591263550327948,0.6713055381103658,0.4996342337706951,0.44792452073631656,0.2537435531843322,-0.16685701996552274,-1.1414057891485756
600836,-0.05711389432540975,-0.0026611282629331913,0.011524056582168072,1.7026813369648284,1.0462806314694493,0.9673230761746232,-0.2538132239921632,1.100977822439179,1.2811217501820025
600837,-0.03225640251463352,-0.022517348384149517,-0.010641730894612421,0.3793619443274993,1.2982857562160066,-1.6908845894573077,-0.7317744037098175,-0.2965519120248854,-0.3052365574225324
600838,-0.1213556889968476,-0.017131081530255894,-0.005915011822526007,0.6343604546123792,-0.8920050747101144,-0.01875402950226527,-0.3199325888946425,-0.7786311399480851,-1.1138384820680092
600839,0.015609142601390484,0.007278792903903236,0.0009288932137574773,0.2463081218705004,-0.8993998753915181,0.6821808929486892,-0.039918623707856524,0.3214912929037747,-0.3267391888884523
600841,-0.06028379478374449,-0.034520526785837696,-0.005204338784186307,0.8883786805701572,0.6541121176423412,1.8907484372043981,-0.1719834905944205,1.151609383183032,-0.04993838818380171
600843,-0.18943939887262112,0.012285038794341663,0.005046436776722271,0.9218966860473076,-0.10942387127371986,0.5791707918872074,-1.8903191888256723,0.3678294219360904,-0.06840597688521623
600844,-0.2313818774404261,0.03349580796335002,-0.005504651241854298,-0.0013079663106269485,0.37456232452293786,0.02001859490402767,-0.5945198589145761,0.2339354648482406,-0.4498508553250957
600845,-0.06462707524434158,-0.016844617683070783,-0.011112205747354052,0.9025320200511928,0.5065991984785398,-0.0590677290064789,1.7282453811842462,-0.06975211097958106,-0.5188972498511769
600846,-0.11029146281660693,-0.036234797369033664,-0.0011265087666512252,0.022643734828926988,0.09257955932987556,0.6839663252427972,-0.3421523636364505,-0.7097294007985662,-0.3624114823820281
600847,-0.1537415942020101,-0.010820788069810062,0.000256316217000941,1.187744127177026,0.1644071180242608,-0.22163602446102695,-0.3589277840026797,-0.07964569050155101,0.1820791240211866
600848,-0.06005976268293304,-0.02457011772298045,0.018695098998059267,1.1505335427000525,1.9195607196996518,1.5559564061135438,-0.521843881732204,0.026674584446293864,0.8980432940716183
600850,-0.1531605720809696,-0.052548010354547765,-0.01112724147737485,-0.4861663669958576,0.031086201312736768,0.5944860315636402,-1.6008650449663513,-0.23428615327749144,-0.3274849843964297
600851,-0.11465957366325864,-0.002506521739274254,-0.01767574869603579,-0.074186122039476,0.3443679229200444,1.0807929841831987,-0.7221729170793119,-0.02372877207303678,-1.1365512598814709
600853,0.011015472310163836,0.008538721077038312,0.01684414722713955,1.2724604499671828,-0.2205807710872565,1.6952051547321438,-0.16384339975592901,0.10782712101481202,0.4925818135496762
600854,-0.0289751709382908,,,0.12158921825356313,,,-0.009924218313676148,,
600855,,0.06608126798331147,-0.012266957901842913,,-0.22824428864120505,0.6667908892870938,,0.6003423604225457,-0.7487530687515846
600856,-0.07830632610231908,-0.012631259723787314,0.0060685549067414895,1.027295269753851,0.0134434918557564,0.8441035931788231,-0.9149100523553928,-0.31286986259023497,-0.0599755155845414
600857,-0.054838068686700936,-0.01424629123640566,-6.311412667091286e-05,-1.8546210627134827,0.9427456809673859,1.8017792624752205,-0.926573879846874,-0.4346635086887786,0.012889741472939037
600858,-0.06360217729923909,-0.006212416806966077,-0.02234125089509724,0.3960323701671836,0.07164814348390179,0.9189452412089886,-0.16335272316522315,1.8015495390663376,0.5321550734014939
600859,0.1298443119404046,0.0059049453744087575,-0.02532324801288364,0.8492756228333128,-0.3844479099791836,-0.07342683121077047,0.01662357135388997,0.2967244871821927,-1.7520567301078749
600860,-0.08944284824320145,0.058598888037302815,0.0038017389072693905,1.5717536514763466,0.21247045431236472,0.5738875333906056,0.3620505594534559,1.3515291391247253,0.17599837712653782
600861,-0.014255947365238412,-0.005780942753723024,-0.006622059576799464,0.3990426823030548,0.3325094545909689,-1.5816002560231257,-0.1048998433950295,-0.08830802409738385,-1.5746794626254434
600862,-0.11924979256275398,-0.020322605479549692,-0.005690635990326265,0.25124340724556765,-0.8130664552099166,-0.1868822071298684,-0.9925449467636576,-0.7330375221986978,-0.5348537722771356
600863,-0.05038947596129048,0.060602480286632135,0.003297265656029464,0.820500782329542,0.13719192638368474,0.8246004815341621,0.31158018449674313,2.181216314377453,0.17433438112193034
600864,-0.030547077704590007,0.026473335206758958,0.0139459523352131,0.17025695028235666,0.2169133337127356,0.5559208407705927,-0.1980366946969481,0.8201080065998134,0.222211248395516
600865,-0.012819063679093884,-0.0080447028095887,0.0027658031918534843,1.3403180957305758,-0.08461570640250557,0.2017640736338752,2.33656729699891,0.8209497441511915,-0.12300395555598426
600866,0.1308208827400774,-0.009201571611956269,0.00024975322227127617,0.6373129869078725,-0.043726167901459036,0.9891229725528222,-0.4654985620814591,0.5038715659892361,0.1266122426937366
600867,-0.07382036297459421,-0.01932906806856156,-0.0025468689452241115,-0.9674776702834884,0.8603269894415053,0.5154060336573689,-0.7351815016723044,0.010543320107090864,0.1147479704494976
600868,-0.053393824984356235,-0.01443020609802504,-0.00501941244923526,0.2126767138989281,1.0832933795110449,0.901697577738244,-1.2064459805021868,-0.32607463726182834,-0.5232001552515683
600869,-0.13262764096169488,-0.03573578726068124,-0.026185554029935502,0.7310590382618257,0.6940694074636792,1.6122067433868414,-0.5979319144735423,-0.27927584014468393,0.6780451466979225
600870,-0.10426015578272993,,,1.1406500578918752,,,-0.2976934229277789,,
600871,-0.008232124729004878,0.011237104473899723,-0.005304228426367177,0.43913239641205337,0.7730563123524351,2.4461048108940777,-0.18267493007366248,0.6675324782697618,0.8013604715886707
600872,-0.02075149872446494,-0.03595958811031963,-0.009626606354882607,-0.0193516138175756,1.0784153636506226,1.6883449681702494,-0.6436267073486365,1.3102718601986352,1.1307124512313802
600873,-0.07324756726949838,-0.02993624133644776,0.0005083505519401926,1.1897031147785793,-0.4115129968330493,0.5902986157792287,-0.029836989138509563,1.3857461030056497,0.3290617740089464
600874,-0.08700929681712119,-0.009187668599395757,0.00297913275113359,0.32447378128466065,0.5573304353763521,0.6390122794327656,-1.0729159894972504,1.2103069933730812,0.30950310885410737
600875,-0.1855881308199004,-0.008826254263051867,-0.005092963024646482,-1.2186118521554132,-0.13101596427285275,0.3029271012706631,-0.5656979127129919,0.9016749682095672,0.5667801536015967
600876,0.012558998211051102,-0.025691294942628416,0.003873989225914205,-0.4920419318665482,1.2782146306667197,0.9408534910979532,-0.5751423957486484,1.7046072513859036,0.3780823774708639
600877,-0.033088193888734574,0.01761403182498693,-0.0060570248743097,0.41067254873668224,-0.17384660265065416,1.0726397275667197,-0.4770706055029501,0.37500628333738617,0.2092030602063964
600879,-0.07060837706115737,0.07119395538044163,0.005813335057037848,0.6501076896559337,0.36735955219384403,0.033067115793744495,-0.5858079755468872,0.2294180630652128,-0.35615581966992804
600880,-0.11466106945402665,-0.01708151958389101,-0.021120028643937968,0.3710948102003122,-1.078615648565529,-0.18528551528894727,-0.044552322354441454,0.3183068659216183,0.1687153645358911
600881,-0.010802883453098322,0.0041496164189031015,0.017049860075832524,0.5530186031863245,0.07185945134750975,0.11289993377647285,-0.3421949706310074,0.050649145143411116,0.09134349250641234
600882,0.07672704605551847,0.002709868631293953,-0.003117385450735552,-0.06362043930656021,-0.11587433530399513,1.175043356669019,-0.5986074411355653,-0.057415199898655386,-0.08889216912233079
600883,-0.08070305724429627,0.0016302531252899116,0.0006977188654683289,0.2392400832291244,-0.3708536243003068,0.5488097464622256,-0.7614439537257381,-0.2594064277666112,-0.3242093231061842
600884,0.013683114028745945,-0.04390001231777593,0.008283528804486722,0.44995046680231504,-0.17907471683637646,1.1387554548974308,-0.5263594647899331,-0.9767925176524072,0.6497205214595656
600885,-0.036046240836514906,-0.020774834773890808,0.010452676395674671,0.35916656870785424,0.9591292718962096,0.44788915464189855,0.0922770631948894,0.0561463483129928,0.6549010779964997
600886,0.006250716784290886,-0.014355289920368504,0.0044015543010552036,0.2753970600374641,-0.4167398320931135,0.32992554240992605,-0.3495703467243192,-0.8802652684790215,-0.9119214132926512
600887,0.041190596074797525,0.01159729258631487,-0.004057093143978137,-0.786991362006177,-1.0488277271350803,-0.3793416851030888,0.4216799075060195,-0.3509839211090345,-1.2785217419522814
600888,-0.13943190868013342,0.007752987811053975,0.0026081696480371717,1.5349572436931056,0.7456740433286987,0.1944995103087417,-1.0906923643694808,-0.13535900115849006,-0.1947699533238956
600889,0.01271735618834028,0.04372235098988712,-0.009575935665062707,-0.08727935463340049,-0.6518558877082216,0.29020811941444075,-0.3397124189982965,1.0825824421722912,-1.0238626250245542
600890,0.17160512339104445,0.06342838416684665,0.0108032580849621,0.13590036785325355,-0.5546634720957571,1.856290159928336,0.03921430643105627,1.3451700577954298,1.2557984938913875
600891,-0.06810555866239608,-0.026115949443686743,0.00859561244718942,1.9798030509761682,0.3150419731903179,1.070556384782155,0.10706005992249704,-0.4727842208228496,0.6500307048731675
600892,-0.02571027025117321,-0.01001221512453913,-0.0054675082678598465,0.6067150715497356,0.012707616340846542,2.648408888016208,0.0847694289492675,-0.3161530785052142,1.4167378894182543
600893,-0.0952651582962895,0.005468721469498584,-0.02867858476372904,0.8939054886888019,-0.0071738400342153934,-0.9610687500492108,0.4456956999959861,0.5011798444060674,0.13449116738417854
600894,-0.09710891908835384,-0.021443227867739282,-0.008900868090332041,0.09852240935029463,-0.4458922651826194,0.046195357374706564,-1.2404406590529915,-0.3139560149441933,-0.17873129354537884
600895,-0.0999436722368999,-0.02626497509187065,0.011441152912757926,-0.009720519285097193,-0.15913523218712505,0.103566969348436,-1.3781369342928904,-0.9856032580735344,0.07297298154713366
600896,0.1623885938074862,-0.00046004593711433537,0.0018210428117855363,0.9608516382812226,0.5523164980055661,-0.4886650745426821,1.3330950965244204,-0.253563423350269,-0.4094607451699692
600897,-0.09149369637416643,-0.018513833222202392,0.007763919831930992,0.9553753231069638,0.6945499013316128,0.5005654594979123,0.13193157029249322,-0.25682301948846203,-0.25550150895258983
600898,,-0.03552002673513518,-0.012001191034413827,,1.1670402202018837,-0.22681761364581746,,-1.1521792267404292,-0.40908222013130535
600900,0.011010307595693604,0.000254282677965732,,0.3471173471185276,0.94025345355064,,0.5622356347007083,0.0902385350500709,
600960,-0.09633527243759303,-0.034880018227332346,0.0016014532638619992,0.9962090722358116,-0.11219947830689052,0.192782126464554,-1.0931794357824267,-0.8239146926970405,-0.4526293074306241
600961,0.0582102179457715,-0.010490595485858314,-0.013050021969231374,0.9313590375864031,0.4139261055870636,1.5660968096026169,0.3343371960056624,-0.3793805957749989,-0.3510958687112571
600962,-0.12539315088427982,-0.002322680610267534,-0.003090684093442925,0.7146853247257355,0.19131237487940334,0.5502894818315631,-1.3070134323750402,-0.3176886281689009,-0.5059324218451028
600963,0.056530611722825024,-0.02367077650517037,-0.00942449989855487,-0.17226300072416584,0.5450678722858433,0.4635633234325821,0.2353879769692041,-0.21351778838051846,-0.6961196673264602
600965,-0.08440543688949864,0.010309527604338049,0.006367356166661002,0.11230534434366347,0.2777638393402335,0.2158740836070921,-0.260900047997941,0.8801309295044142,-0.06619404989050562
600966,0.1376842987389465,0.03243867050377028,0.005839427785566868,-0.22234698909960435,0.477238523229588,1.353906848202947,0.7980951524650984,0.9492338413760012,-0.4004542951575779
600967,-0.07088173262470755,0.03995173511978505,0.031725657728385016,0.34104414952404954,-0.262579579919522,0.3535245273633077,-0.8466796181676629,0.3873462875777709,0.6400929356244391
600969,0.011558639840669195,0.023252123802523717,0.005223636852302715,-0.12582002098793774,-0.4381870970404887,0.7117682492643977,-0.19154389156962168,0.9998812006322468,0.3952292104245068
600970,-0.024642982629782262,-0.001488334283850339,-0.012090777090926652,0.6013271436191444,-0.2708082835709871,-0.6553513305347876,-0.2998266959999397,0.3308486126955117,0.11664891302096922
600971,0.2256986044265256,0.040367828356594825,0.01944737186566281,-1.1989051751266848,0.732592752403297,0.6430946778458073,-1.0158711734407977,0.9941363740995408,0.1861597841809399
600973,-0.02282714733235397,-0.017552232518474403,-0.0009593614859715657,0.1119778675058592,0.3902755730519398,2.5849867813761316,-0.32648097208917204,-0.20395944647360995,1.0630448685574183
600975,-0.0050817693428493035,0.0289029245393924,0.013361056172591895,0.7299644516837434,0.20311077402359987,0.9684300641402278,0.7285996525780675,0.30304317544386083,0.042395200988722785
600976,-0.008878010205562864,-0.023877233515798933,-0.003025327657809368,0.4620074515721673,1.4227611929943669,0.8303135136746679,-0.26266114011162617,0.6225535782330267,-0.11700160877947904
600978,0.046638014796472886,0.04633264483195984,0.00207733029884361,0.6405129293197619,0.17093812993664992,0.9558752947485742,0.037471751023535636,0.332841707609093,-0.4372559829215541
600979,-0.08831173517780143,0.002239978065880489,0.007036050746403982,0.32905146871970303,0.4453893126280293,0.34096421453028297,-0.8655129916039115,0.8291597998884033,0.01667901632067409
600980,-0.13708086082342286,-0.039389199882076766,-0.03024927511557462,0.8308163171916801,1.4460415885721705,0.9480897071006482,-0.7431444756937167,0.08063853460387135,-0.5750114804769699
600981,-0.28123337941378546,0.029474414064249943,-0.0001207658214632144,1.5386244014930837,0.12559308299530406,-0.0029016195284839344,-0.7635900229211613,-0.5897997130169154,-0.9218852462540688
600982,-0.18183984323277028,0.0056968210567039075,0.0005380990677151131,0.19004015220614687,0.4206723558389074,0.7202366325876046,-0.8888207016118976,-0.11507134462538822,-0.4149174596102322
600983,-0.15476391024788186,-0.021275431839071025,-0.0031978703931096995,0.32251589002725883,0.3855880274856392,0.6359931974993874,-1.2594113324860607,0.4177749130794894,-0.11034506191530016
600984,0.03403417000545341,-0.038325953515999066,-0.01684492018398221,0.4331418307977301,0.5076511896755748,0.08482932071012454,-1.2068189677479892,-0.221695087019964,-0.7481161723526286
600985,-0.07433912240717258,0.006903496831149149,0.012634076537135688,0.004230813548430757,0.12762338089487832,0.8870240052419758,-0.7366752589269198,0.11731585979519625,0.6028043417193073
600986,0.06735062645981035,-0.0242305413959241,0.0017246810233511741,-1.0422777468902649,0.6964583918904401,0.8448672564135504,-0.6265696814167497,-0.5148962964676251,-0.03961845935711017
600987,0.01658055158630667,0.00658726353562056,0.011020184871343895,-0.4035279127094408,0.3745614552259694,0.9356964828424658,-0.3789399032855807,-0.015960657100856184,-0.08582119780713586
600988,0.04160976685530148,-0.02193978583226671,0.008360252667432715,0.29427111785126475,-0.7512460358760198,0.10266634557493404,0.7872535062674049,-0.3948196573684063,-0.2793107823392339
600990,-0.2774991430530949,-0.008447863725820385,0.017832375876677613,-0.4574117773257154,1.0676459195057164,0.5734859561999704,-1.3571087082090296,0.5108745789217034,0.8461328616882502
600991,-0.12141407181341755,-0.024053300612109568,-0.020318170228730423,0.6458613474147952,0.6355942489686285,0.741158205699783,-0.8687697646206739,-0.4893061352068838,0.03463678466461426
600992,-0.167501567274092,-0.021077524681190785,0.004959535588867492,-0.9564376508335012,0.15421480947823266,0.1303573069917576,-1.099249206307229,-0.15575618175171854,-0.33600652491381583
600993,-0.0755502994338236,0.029917354109141307,-0.002432921942311617,0.13614464798147727,0.05108855617871805,0.248858356808817,-0.6536129000373403,0.3345018274009913,0.21958244954524656
600995,-0.03581573721141965,0.008286289726645305,0.0012215032218776053,0.5575157107105218,1.1020088902183478,-0.17969084142738595,-0.659615959247516,0.20157900256449374,0.020336962525014542
600997,0.05107369721096969,0.029461022731066187,0.00514124422825395,-0.7967914726763671,0.4495383363987235,0.4026458618483153,-0.05756187678842758,0.6654358673278065,0.033605176268811175
600999,0.025745550295749875,,,0.26570443337543026,,,-0.06942319217101407,,
601001,0.10827266106252864,0.006183468967322836,-0.006224742296497568,-2.610804267140067,0.7801183848243931,0.8116608147172147,-0.0018095455158745445,0.07856507761196818,0.4145521730335298
601002,-0.018928434736620328,-0.04562784643021981,0.018278343634782698,0.21475722083198528,1.011566517640644,1.4494328558803435,0.12155478158979635,-0.04616918099612142,1.1933081250467128
601003,-0.01850413470535533,0.07893652167780787,0.02175713358457192,-0.8941606557075323,0.4652946856064461,0.6811719579178372,-0.2744752824727321,1.911726629702676,0.926736899269528
601005,0.14157592448308548,0.032758206408363674,0.029898091726805,-1.1025725931648354,0.3414397995072184,0.5861816664931331,0.9200998933358052,1.1275735528263704,0.6910211563993419
601006,0.026710721966677158,0.0011111840330720662,-0.009500773830531528,-2.40081860743216,0.8700355638679644,-0.7005284420521591,-1.3962711822142369,0.028642829990303095,-0.527602123427279
601007,-0.0011791566227715988,-0.007044451441818094,-0.008267197320276152,-1.2595706634709691,-0.6453503625044911,0.01587864118973371,-1.5108356874376998,-0.19679434138801252,-0.7806105858225801
601008,0.0035066297653024987,-0.014208679831092481,-0.004673814804888747,1.8343769572055035,0.3962299790184017,-0.2198434495833697,0.1293967809955366,0.09521071089212932,-0.6205138582989039
601009,0.11861386279584064,-0.04328761865018541,-0.006583878972876144,0.4925229812814125,0.6188153679995002,0.4204788651799271,0.9817634537481579,-0.19153951123544835,0.023789931449834816
601088,0.05709301587364955,0.009015727797974537,-0.0057094341302403075,-0.03455857155987025,0.08829989398064535,0.002257548073791392,0.6348055990997049,0.4014938028573052,-0.20593085214778
601099,0.01179475617714848,-0.016726887651906722,-0.008284792498231872,0.030868845465317082,-0.19329053828028064,0.7482899862175629,-0.2431511707709125,-0.5792568433636502,-0.20801492326586105
601101,0.119021144472075,,,0.2943295926607828,,,0.6091487456993787,,
601106,-0.07526660297211626,,,0.3295661326789047,,,-0.6644171499290913,,
601107,-0.04467762773096018,0.01831826925935813,,0.2661505398029308,-0.07185706387824319,,-0.5499362055656062,1.3356328754032452,
601111,0.01789255044775831,0.005936678175924097,-0.010295606038496052,-0.028364345839354856,-0.07726642473529349,0.02785420212917552,-0.32020574661639906,0.4421980140659252,-0.5206509458538698
601117,0.06701184706430115,,,-0.15811656032652432,,,1.0547259944573244,,
601139,0.04682060470763198,,,-0.5091302174404174,,,-0.051962350830203966,,
601158,0.1938596647731788,,,-0.2356490638599396,,,-0.6253052385132855,,
601166,0.1216100058747647,-0.03982953953659345,0.005880422458135782,-2.0142081865744306,0.07237528880554113,-0.13596544558013832,0.4374089579580777,-0.6328949263474484,-0.300435194304713
601168,0.05541056666401216,-0.0074918529729780066,0.01796694830353503,0.3639089971999741,-0.007356204314360573,0.6314027591487307,0.3263820768370256,-0.3813609027617544,0.19303895561207576
601169,0.14682686706744275,-0.02548431002786696,0.009133735999976186,0.21113953173140992,0.6576683212685734,0.6301055814007587,0.7316802324427929,-0.04180494650659584,0.021560447202769683
601179,0.1753631571716735,,,0.3565868871775996,,,0.8108098955651186,,
601186,0.002194872586018956,-0.01197429813272132,-0.0046992850994084685,-0.12379535862862287,0.913606404739374,0.3359117471453285,-0.23588912254704114,-0.9897529393638568,0.21409245268214544
601188,-0.0745872821930889,,,2.7074786915022115,,,-0.06779630521059728,,
601268,0.03753021285672438,,,1.4000289012726428,,,0.5392935778247245,,
601299,0.01724089347684156,,,1.1906184108328013,,,0.388870000500665,,
601318,0.2916544837655985,-0.018499188726633455,0.001204660666602285,-0.1345624734862177,1.2266571387416418,-0.16343315019109902,1.139421143747012,-0.43367160605470056,-0.5438104743531961
601328,-0.029705541059179143,-0.0123622387924975,0.004436517157526389,0.07058823931173774,-0.0072709120457417125,-0.020999938820346373,-0.3762060350360645,-0.1803556992440904,-0.27155865829136155
601333,0.024129038217313558,-0.010973771250283886,0.005778327318423827,0.6750141229842107,0.8301935051464933,0.7411411780996358,0.34307827737617114,-0.08065031485296749,0.06277914852256246
601369,-0.03068902071421958,,,0.3845815649951053,,,0.05387647263286437,,
601390,-0.15010998784826424,-0.0058540239151325295,-0.0037563231413740624,0.5243057346492951,-0.4210104286939579,0.8537836308082853,-1.597300545203176,-0.04160540660136668,0.5793108480906328
601398,0.019312369899974462,-0.02767604981011641,-0.004045158011328482,0.05950816058543019,-0.3765918920321048,1.1332241245283323,0.12990315218034326,-0.9487248336598842,0.6110908464244651
601518,-0.05193776524109625,,,1.0283357900026429,,,-0.8583581167841344,,
601588,-0.0007629287045549383,0.0007948263150938073,0.009607946606267471,1.2396821509172455,-0.2271141950288677,0.11715372678264435,-0.30971908214976673,-0.10785516294149332,-0.3969230929776647
601600,-0.023212704918065347,0.0485856619733537,0.014916934228627434,0.1510601114916798,0.5499269698752332,0.9830973951746348,-0.5331904111806972,1.7926163772922026,0.8774175160670327
601601,0.1283165719779631,-0.02614627317884087,-0.0002922002963083332,0.05534271113776005,0.5384063836099214,-0.2057767753607153,0.76880875746989,-0.6487562817857243,-0.15486060266107854
601607,0.029776409890927526,,0.002875266663915535,0.1200234089550858,,1.3163019652789498,-1.0369273721787613,,0.8056394079176599
601618,0.09169281829257588,,,0.05783036287092081,,,1.1301476498585776,,
601628,0.05256533326721542,-0.012120173952218113,-0.0041610249149275705,-0.05571660018686095,0.5779392426699348,0.5309015330637213,0.3671491256297458,-0.5578521673404266,-0.8262439155010033
601666,0.0543541557966889,0.0065742287027731605,0.009683426222971973,1.2484967411098622,0.7283277341432793,0.3657126074441354,0.17054927280882068,0.06134562900476715,0.13095719273663314
601668,0.013534138880036713,-0.03250732106572196,,-0.3649585524807791,-0.6423341408872723,,0.08197416426273066,-1.6090575235000866,
601678,0.09361345830321198,,,1.2995448715467757,,,0.4360829776332464,,
601688,0.03693428695090378,,,0.030937756177922788,,,-0.03899176118274585,,
601699,0.13223001301753728,0.021059153619491938,0.018774803792976275,-1.2132450357401323,-0.5859427374115944,-0.10542909521362977,0.14190633049596504,0.28525826590624354,0.4952158503985301
601727,0.034756884481087075,-0.010504456339493692,,0.29360082620015315,0.09183760206353823,,0.19075391474649225,-0.3724239224216893,
601766,0.06705862879472496,-0.011012734169442859,0.005058412698582558,0.7150362755184059,1.2107865378712073,1.155274363111198,0.7275506625040759,1.1196065394317458,0.7138722515170705
601788,0.04063453399317113,-0.050011260732493526,,0.6712454339701494,0.33662484419932925,,0.1774511194692021,-1.2652065803200798,
601801,-0.041636134180200485,,,1.0563014858491198,,,-0.41456402313521934,,
601808,0.039339002645011584,-0.01544737165917695,-0.013297657286977066,-0.8091216650048974,-0.3576363023104964,-0.3494584336462908,0.02041897451152169,-0.8293403512562854,-1.0072181572728878
601857,-0.004732474796816738,-0.010900379232865656,-0.006490127177571475,0.1294502480564216,-0.6208303417603661,2.846669386141085,-0.5098027956549128,-0.8494982457966692,-0.38093308900885214
601866,-0.02445039761462453,0.040683197256289966,0.010798440470142964,1.4907728228779953,-0.21693547812019845,0.041822595588380834,-0.7539771421647089,1.340507309182407,0.2252457056421485
601872,0.07064892912497761,-0.01012177421138375,0.00466221023365424,1.3018969516543952,1.1959500468046638,0.2312611164864335,0.9559312675244832,-0.6787553286247502,-0.24517575969631056
601877,-0.04902140018700656,,,0.17784495038216944,,,-0.6385415201043345,,
601888,0.1432450298044542,,,0.22880923727078706,,,0.2696954877361073,,
601898,0.0763752649908422,0.01133622381534778,-0.0071449382704605316,0.211109277173248,0.3052965564954489,0.021079351064857286,0.4160986010498625,0.3732932388538805,-0.6307411804268375
601899,-0.04898347070199599,-0.013802294678987987,0.00017387733608845848,0.4872158369878339,1.3714338170524991,2.3681885435357057,-1.1431137723716154,-0.6388857005037802,0.8907822942847758
601918,0.0644628138973183,0.002005664289763544,-0.003032200802703361,-0.2142337007544763,1.7098857574544897,1.4988469667767064,0.3149918871676558,0.5428356669106791,0.07192017101184595
601919,-0.00835620201334937,0.021183915745472258,0.0002856709904235054,0.2212877665496094,0.8255377350653531,-0.2631789946478747,-0.6298175598937805,0.7439257734847922,-0.2831306733570941
601939,0.06701948127532747,-0.02199227487960748,-0.0007077685209521296,-1.056692516124278,-0.2416230884542028,1.2836937490757359,0.6655591519752165,-0.9868169819043456,0.6878474608284041
601958,0.04045256944340128,0.03023441145365415,0.011389210288747668,1.415205364381935,-0.3869691140567998,0.04297642991033119,0.33772495125405705,1.1563161799256467,0.17791250136340767
601988,0.1090887178322988,-0.03290221402832781,-0.008508907961575156,-1.752873689420268,-0.12229049366622295,1.2083648698407372,-0.07422178372806933,-1.5568768451097166,0.3737408305662863
601991,0.16470886080541913,0.03831919459783106,0.019859879186745703,0.9746311979119952,-0.2716164113940716,0.3872453960953571,-0.041113759380497335,2.0683500223038944,0.8093101037344135
601998,0.05247066218731897,-0.04179766770250108,-0.00572037609505946,0.860274118297332,0.4348142873702648,0.6309163396177954,1.3317087906957126,-0.1826820733997279,-0.472109452137456
601999,-0.054463047881911655,-0.015933189172395515,-0.010631450797263223,-0.11737293251951965,0.9617841007376452,1.0652228771005343,-0.4830959141068443,-0.06823557797905128,-0.3856817668463625
